iteration,OD,space,time,state,charging_flag
0,0,[0, 1],[0, 6],[6, 5],[0, 0, 0, 0, 0, 0, 0, 0]
0,1,[0, 2],[0, 4],[6, 3],[0, 0, 0, 0, 0, 0, 0, 0]
0,2,[0, 2, 3],[0, 4, 8],[6, 3, 0],[0, 0, 0, 0, 0, 0, 0, 0]
0,3,[0, 4],[0, 1],[6, 6],[0, 0, 0, 0, 0, 0, 0, 0]
0,4,[0, 1, 5],[0, 6, 11],[6, 5, 2],[0, 0, 0, 0, 0, 0, 0, 0]
0,5,[0, 6],[0, 1],[6, 6],[0, 0, 0, 0, 0, 0, 0, 0]
0,6,[0, 1, 5, 7],[0, 6, 11, 13],[6, 5, 2, 1],[0, 0, 0, 0, 0, 0, 0, 0]
0,7,[0, 8],[0, 1],[6, 6],[0, 0, 0, 0, 0, 0, 0, 0]
0,8,[0, 9],[0, 1],[6, 6],[0, 0, 0, 0, 0, 0, 0, 0]
0,9,[0, 10],[0, 1],[6, 6],[0, 0, 0, 0, 0, 0, 0, 0]
0,10,[0, 2, 11],[0, 4, 8],[6, 3, 1],[0, 0, 0, 0, 0, 0, 0, 0]
0,11,[0, 2, 11, 12],[0, 4, 8, 11],[6, 3, 1, 0],[0, 0, 0, 0, 0, 0, 0, 0]
0,12,[0, 13],[0, 1],[6, 6],[0, 0, 0, 0, 0, 0, 0, 0]
0,13,[0, 14],[0, 1],[6, 6],[0, 0, 0, 0, 0, 0, 0, 0]
0,14,[0, 15],[0, 1],[6, 6],[0, 0, 0, 0, 0, 0, 0, 0]
0,15,[0, 16],[0, 1],[6, 6],[0, 0, 0, 0, 0, 0, 0, 0]
0,16,[0, 17],[0, 1],[6, 6],[0, 0, 0, 0, 0, 0, 0, 0]
0,17,[0, 18],[0, 1],[6, 6],[0, 0, 0, 0, 0, 0, 0, 0]
0,18,[0, 19],[0, 1],[6, 6],[0, 0, 0, 0, 0, 0, 0, 0]
0,19,[0, 20],[0, 1],[6, 6],[0, 0, 0, 0, 0, 0, 0, 0]
0,20,[0, 21],[0, 1],[6, 6],[0, 0, 0, 0, 0, 0, 0, 0]
0,21,[0, 22],[0, 1],[6, 6],[0, 0, 0, 0, 0, 0, 0, 0]
0,22,[0, 23],[0, 1],[6, 6],[0, 0, 0, 0, 0, 0, 0, 0]
0,23,[1, 0],[0, 6],[6, 5],[0, 0, 0, 0, 0, 0, 0, 0]
0,24,[1, 0, 2],[0, 6, 10],[6, 5, 2],[0, 0, 0, 0, 0, 0, 0, 0]
0,25,[1, 5, 4, 3],[0, 5, 9, 11],[6, 3, 2, 1],[0, 0, 0, 0, 0, 0, 0, 0]
0,26,[1, 5, 4],[0, 5, 9],[6, 3, 2],[0, 0, 0, 0, 0, 0, 0, 0]
0,27,[1, 5],[0, 5],[6, 3],[0, 0, 0, 0, 0, 0, 0, 0]
0,28,[1, 6],[0, 1],[6, 6],[0, 0, 0, 0, 0, 0, 0, 0]
0,29,[1, 5, 7],[0, 5, 7],[6, 3, 2],[0, 0, 0, 0, 0, 0, 0, 0]
0,30,[1, 5, 4, 8],[0, 5, 9, 14],[6, 3, 2, 0],[0, 0, 0, 0, 0, 0, 0, 0]
0,31,[1, 9],[0, 1],[6, 6],[0, 0, 0, 0, 0, 0, 0, 0]
0,32,[1, 10],[0, 1],[6, 6],[0, 0, 0, 0, 0, 0, 0, 0]
0,33,[1, 0, 2, 11],[0, 6, 10, 14],[6, 5, 2, 0],[0, 0, 0, 0, 0, 0, 0, 0]
0,34,[1, 12],[0, 1],[6, 6],[0, 0, 0, 0, 0, 0, 0, 0]
0,35,[1, 13],[0, 1],[6, 6],[0, 0, 0, 0, 0, 0, 0, 0]
0,36,[1, 14],[0, 1],[6, 6],[0, 0, 0, 0, 0, 0, 0, 0]
0,37,[1, 5, 7, 15],[0, 5, 7, 12],[6, 3, 2, 0],[0, 0, 0, 0, 0, 0, 0, 0]
0,38,[1, 16],[0, 1],[6, 6],[0, 0, 0, 0, 0, 0, 0, 0]
0,39,[1, 17],[0, 1],[6, 6],[0, 0, 0, 0, 0, 0, 0, 0]
0,40,[1, 18],[0, 1],[6, 6],[0, 0, 0, 0, 0, 0, 0, 0]
0,41,[1, 19],[0, 1],[6, 6],[0, 0, 0, 0, 0, 0, 0, 0]
0,42,[1, 20],[0, 1],[6, 6],[0, 0, 0, 0, 0, 0, 0, 0]
0,43,[1, 21],[0, 1],[6, 6],[0, 0, 0, 0, 0, 0, 0, 0]
0,44,[1, 22],[0, 1],[6, 6],[0, 0, 0, 0, 0, 0, 0, 0]
0,45,[1, 23],[0, 1],[6, 6],[0, 0, 0, 0, 0, 0, 0, 0]
0,46,[2, 0],[0, 4],[6, 4],[0, 0, 0, 0, 0, 0, 0, 0]
0,47,[2, 0, 1],[0, 4, 10],[6, 4, 3],[0, 0, 0, 0, 0, 0, 0, 0]
0,48,[2, 3],[0, 4],[6, 3],[0, 0, 0, 0, 0, 0, 0, 0]
0,49,[2, 3, 4],[0, 4, 6],[6, 3, 2],[0, 0, 0, 0, 0, 0, 0, 0]
0,50,[2, 3, 4, 5],[0, 4, 6, 10],[6, 3, 2, 1],[0, 0, 0, 0, 0, 0, 0, 0]
0,51,[2, 6],[0, 1],[6, 6],[0, 0, 0, 0, 0, 0, 0, 0]
0,52,[2, 3, 4, 5, 7],[0, 4, 6, 10, 12],[6, 3, 2, 1, 0],[0, 0, 0, 0, 0, 0, 0, 0]
0,53,[2, 3, 4, 8],[0, 4, 6, 11],[6, 3, 2, 0],[0, 0, 0, 0, 0, 0, 0, 0]
0,54,[2, 9],[0, 1],[6, 6],[0, 0, 0, 0, 0, 0, 0, 0]
0,55,[2, 3, 10],[0, 4, 10],[6, 3, 0],[0, 0, 0, 0, 0, 0, 0, 0]
0,56,[2, 11],[0, 4],[6, 4],[0, 0, 0, 0, 0, 0, 0, 0]
0,57,[2, 11, 12],[0, 4, 7],[6, 4, 3],[0, 0, 0, 0, 0, 0, 0, 0]
0,58,[2, 13],[0, 1],[6, 6],[0, 0, 0, 0, 0, 0, 0, 0]
0,59,[2, 14],[0, 1],[6, 6],[0, 0, 0, 0, 0, 0, 0, 0]
0,60,[2, 15],[0, 1],[6, 6],[0, 0, 0, 0, 0, 0, 0, 0]
0,61,[2, 16],[0, 1],[6, 6],[0, 0, 0, 0, 0, 0, 0, 0]
0,62,[2, 17],[0, 1],[6, 6],[0, 0, 0, 0, 0, 0, 0, 0]
0,63,[2, 18],[0, 1],[6, 6],[0, 0, 0, 0, 0, 0, 0, 0]
0,64,[2, 19],[0, 1],[6, 6],[0, 0, 0, 0, 0, 0, 0, 0]
0,65,[2, 11, 12, 23, 20],[0, 4, 7, 11, 14],[6, 4, 3, 1, 0],[0, 0, 0, 0, 0, 0, 0, 0]
0,66,[2, 21],[0, 1],[6, 6],[0, 0, 0, 0, 0, 0, 0, 0]
0,67,[2, 22],[0, 1],[6, 6],[0, 0, 0, 0, 0, 0, 0, 0]
0,68,[2, 11, 12, 23],[0, 4, 7, 11],[6, 4, 3, 1],[0, 0, 0, 0, 0, 0, 0, 0]
0,69,[3, 2, 0],[0, 4, 8],[6, 3, 1],[0, 0, 0, 0, 0, 0, 0, 0]
0,70,[3, 4, 5, 1],[0, 2, 6, 11],[6, 5, 4, 3],[0, 0, 0, 0, 0, 0, 0, 0]
0,71,[3, 2],[0, 4],[6, 3],[0, 0, 0, 0, 0, 0, 0, 0]
0,72,[3, 4],[0, 2],[6, 5],[0, 0, 0, 0, 0, 0, 0, 0]
0,73,[3, 4, 5],[0, 2, 6],[6, 5, 4],[0, 0, 0, 0, 0, 0, 0, 0]
0,74,[3, 4, 5, 7, 6],[0, 2, 6, 8, 11],[6, 5, 4, 3, 0],[0, 0, 0, 0, 0, 0, 0, 0]
0,75,[3, 4, 5, 7],[0, 2, 6, 8],[6, 5, 4, 3],[0, 0, 0, 0, 0, 0, 0, 0]
0,76,[3, 4, 8],[0, 2, 7],[6, 5, 3],[0, 0, 0, 0, 0, 0, 0, 0]
0,77,[3, 4, 8, 9],[0, 2, 7, 10],[6, 5, 3, 1],[0, 0, 0, 0, 0, 0, 0, 0]
0,78,[3, 10],[0, 6],[6, 3],[0, 0, 0, 0, 0, 0, 0, 0]
0,79,[3, 2, 11],[0, 4, 8],[6, 3, 1],[0, 0, 0, 0, 0, 0, 0, 0]
0,80,[3, 2, 11, 12],[0, 4, 8, 11],[6, 3, 1, 0],[0, 0, 0, 0, 0, 0, 0, 0]
0,81,[3, 10, 13],[0, 6, 10],[6, 3, 1],[0, 0, 0, 0, 0, 0, 0, 0]
0,82,[3, 14],[0, 1],[6, 6],[0, 0, 0, 0, 0, 0, 0, 0]
0,83,[3, 4, 5, 7, 15],[0, 2, 6, 8, 13],[6, 5, 4, 3, 1],[0, 0, 0, 0, 0, 0, 0, 0]
0,84,[3, 16],[0, 1],[6, 6],[0, 0, 0, 0, 0, 0, 0, 0]
0,85,[3, 17],[0, 1],[6, 6],[0, 0, 0, 0, 0, 0, 0, 0]
0,86,[3, 18],[0, 1],[6, 6],[0, 0, 0, 0, 0, 0, 0, 0]
0,87,[3, 19],[0, 1],[6, 6],[0, 0, 0, 0, 0, 0, 0, 0]
0,88,[3, 20],[0, 1],[6, 6],[0, 0, 0, 0, 0, 0, 0, 0]
0,89,[3, 21],[0, 1],[6, 6],[0, 0, 0, 0, 0, 0, 0, 0]
0,90,[3, 22],[0, 1],[6, 6],[0, 0, 0, 0, 0, 0, 0, 0]
0,91,[3, 23],[0, 1],[6, 6],[0, 0, 0, 0, 0, 0, 0, 0]
0,92,[4, 3, 2, 0],[0, 2, 6, 10],[6, 5, 2, 0],[0, 0, 0, 0, 0, 0, 0, 0]
0,93,[4, 5, 1],[0, 4, 9],[6, 5, 4],[0, 0, 0, 0, 0, 0, 0, 0]
0,94,[4, 3, 2],[0, 2, 6],[6, 5, 2],[0, 0, 0, 0, 0, 0, 0, 0]
0,95,[4, 3],[0, 2],[6, 5],[0, 0, 0, 0, 0, 0, 0, 0]
0,96,[4, 5],[0, 4],[6, 5],[0, 0, 0, 0, 0, 0, 0, 0]
0,97,[4, 5, 7, 6],[0, 4, 6, 9],[6, 5, 4, 1],[0, 0, 0, 0, 0, 0, 0, 0]
0,98,[4, 5, 7],[0, 4, 6],[6, 5, 4],[0, 0, 0, 0, 0, 0, 0, 0]
0,99,[4, 8],[0, 5],[6, 4],[0, 0, 0, 0, 0, 0, 0, 0]
0,100,[4, 8, 9],[0, 5, 8],[6, 4, 2],[0, 0, 0, 0, 0, 0, 0, 0]
0,101,[4, 3, 10],[0, 2, 8],[6, 5, 2],[0, 0, 0, 0, 0, 0, 0, 0]
0,102,[4, 3, 2, 11],[0, 2, 6, 10],[6, 5, 2, 0],[0, 0, 0, 0, 0, 0, 0, 0]
0,103,[4, 12],[0, 1],[6, 6],[0, 0, 0, 0, 0, 0, 0, 0]
0,104,[4, 3, 10, 13],[0, 2, 8, 12],[6, 5, 2, 0],[0, 0, 0, 0, 0, 0, 0, 0]
0,105,[4, 14],[0, 1],[6, 6],[0, 0, 0, 0, 0, 0, 0, 0]
0,106,[4, 5, 7, 15],[0, 4, 6, 11],[6, 5, 4, 2],[0, 0, 0, 0, 0, 0, 0, 0]
0,107,[4, 5, 7, 15, 16],[0, 4, 6, 11, 13],[6, 5, 4, 2, 0],[0, 0, 0, 0, 0, 0, 0, 0]
0,108,[4, 17],[0, 1],[6, 6],[0, 0, 0, 0, 0, 0, 0, 0]
0,109,[4, 18],[0, 1],[6, 6],[0, 0, 0, 0, 0, 0, 0, 0]
0,110,[4, 19],[0, 1],[6, 6],[0, 0, 0, 0, 0, 0, 0, 0]
0,111,[4, 20],[0, 1],[6, 6],[0, 0, 0, 0, 0, 0, 0, 0]
0,112,[4, 21],[0, 1],[6, 6],[0, 0, 0, 0, 0, 0, 0, 0]
0,113,[4, 22],[0, 1],[6, 6],[0, 0, 0, 0, 0, 0, 0, 0]
0,114,[4, 23],[0, 1],[6, 6],[0, 0, 0, 0, 0, 0, 0, 0]
0,115,[5, 1, 0],[0, 5, 11],[6, 5, 4],[0, 0, 0, 0, 0, 0, 0, 0]
0,116,[5, 1],[0, 5],[6, 5],[0, 0, 0, 0, 0, 0, 0, 0]
0,117,[5, 4, 3, 2],[0, 4, 6, 10],[6, 5, 4, 1],[0, 0, 0, 0, 0, 0, 0, 0]
0,118,[5, 4, 3],[0, 4, 6],[6, 5, 4],[0, 0, 0, 0, 0, 0, 0, 0]
0,119,[5, 4],[0, 4],[6, 5],[0, 0, 0, 0, 0, 0, 0, 0]
0,120,[5, 7, 6],[0, 2, 5],[6, 5, 2],[0, 0, 0, 0, 0, 0, 0, 0]
0,121,[5, 7],[0, 2],[6, 5],[0, 0, 0, 0, 0, 0, 0, 0]
0,122,[5, 4, 8],[0, 4, 9],[6, 5, 3],[0, 0, 0, 0, 0, 0, 0, 0]
0,123,[5, 7, 15, 9],[0, 2, 7, 11],[6, 5, 3, 1],[0, 0, 0, 0, 0, 0, 0, 0]
0,124,[5, 4, 3, 10],[0, 4, 6, 12],[6, 5, 4, 1],[0, 0, 0, 0, 0, 0, 0, 0]
0,125,[5, 11],[0, 1],[6, 6],[0, 0, 0, 0, 0, 0, 0, 0]
0,126,[5, 12],[0, 1],[6, 6],[0, 0, 0, 0, 0, 0, 0, 0]
0,127,[5, 13],[0, 1],[6, 6],[0, 0, 0, 0, 0, 0, 0, 0]
0,128,[5, 14],[0, 1],[6, 6],[0, 0, 0, 0, 0, 0, 0, 0]
0,129,[5, 7, 15],[0, 2, 7],[6, 5, 3],[0, 0, 0, 0, 0, 0, 0, 0]
0,130,[5, 7, 15, 16],[0, 2, 7, 9],[6, 5, 3, 1],[0, 0, 0, 0, 0, 0, 0, 0]
0,131,[5, 7, 6, 17],[0, 2, 5, 7],[6, 5, 2, 0],[0, 0, 0, 0, 0, 0, 0, 0]
0,132,[5, 18],[0, 1],[6, 6],[0, 0, 0, 0, 0, 0, 0, 0]
0,133,[5, 19],[0, 1],[6, 6],[0, 0, 0, 0, 0, 0, 0, 0]
0,134,[5, 20],[0, 1],[6, 6],[0, 0, 0, 0, 0, 0, 0, 0]
0,135,[5, 21],[0, 1],[6, 6],[0, 0, 0, 0, 0, 0, 0, 0]
0,136,[5, 22],[0, 1],[6, 6],[0, 0, 0, 0, 0, 0, 0, 0]
0,137,[5, 23],[0, 1],[6, 6],[0, 0, 0, 0, 0, 0, 0, 0]
0,138,[6, 7, 5, 1, 0],[0, 3, 5, 10, 16],[6, 4, 3, 2, 1],[0, 0, 0, 0, 0, 0, 0, 0]
0,139,[6, 7, 5, 1],[0, 3, 5, 10],[6, 4, 3, 2],[0, 0, 0, 0, 0, 0, 0, 0]
0,140,[6, 2],[0, 1],[6, 6],[0, 0, 0, 0, 0, 0, 0, 0]
0,141,[6, 7, 5, 4, 3],[0, 3, 5, 9, 11],[6, 4, 3, 2, 1],[0, 0, 0, 0, 0, 0, 0, 0]
0,142,[6, 7, 5, 4],[0, 3, 5, 9],[6, 4, 3, 2],[0, 0, 0, 0, 0, 0, 0, 0]
0,143,[6, 7, 5],[0, 3, 5],[6, 4, 3],[0, 0, 0, 0, 0, 0, 0, 0]
0,144,[6, 7],[0, 3],[6, 4],[0, 0, 0, 0, 0, 0, 0, 0]
0,145,[6, 8],[0, 1],[6, 6],[0, 0, 0, 0, 0, 0, 0, 0]
0,146,[6, 17, 15, 9],[0, 2, 5, 9],[6, 4, 3, 1],[0, 0, 0, 0, 0, 0, 0, 0]
0,147,[6, 17, 15, 9, 10],[0, 2, 5, 9, 14],[6, 4, 3, 1, 0],[0, 0, 0, 0, 0, 0, 0, 0]
0,148,[6, 11],[0, 1],[6, 6],[0, 0, 0, 0, 0, 0, 0, 0]
0,149,[6, 12],[0, 1],[6, 6],[0, 0, 0, 0, 0, 0, 0, 0]
0,150,[6, 13],[0, 1],[6, 6],[0, 0, 0, 0, 0, 0, 0, 0]
0,151,[6, 14],[0, 1],[6, 6],[0, 0, 0, 0, 0, 0, 0, 0]
0,152,[6, 17, 15],[0, 2, 5],[6, 4, 3],[0, 0, 0, 0, 0, 0, 0, 0]
0,153,[6, 17, 15, 16],[0, 2, 5, 7],[6, 4, 3, 1],[0, 0, 0, 0, 0, 0, 0, 0]
0,154,[6, 17],[0, 2],[6, 4],[0, 0, 0, 0, 0, 0, 0, 0]
0,155,[6, 18],[0, 1],[6, 6],[0, 0, 0, 0, 0, 0, 0, 0]
0,156,[6, 17, 19],[0, 2, 6],[6, 4, 2],[0, 0, 0, 0, 0, 0, 0, 0]
0,157,[6, 17, 19, 20],[0, 2, 6, 12],[6, 4, 2, 1],[0, 0, 0, 0, 0, 0, 0, 0]
0,158,[6, 17, 19, 21],[0, 2, 6, 11],[6, 4, 2, 0],[0, 0, 0, 0, 0, 0, 0, 0]
0,159,[6, 22],[0, 1],[6, 6],[0, 0, 0, 0, 0, 0, 0, 0]
0,160,[6, 17, 19, 20, 23],[0, 2, 6, 12, 15],[6, 4, 2, 1, 0],[0, 0, 0, 0, 0, 0, 0, 0]
0,161,[7, 5, 1, 0],[0, 2, 7, 13],[6, 5, 4, 3],[0, 0, 0, 0, 0, 0, 0, 0]
0,162,[7, 5, 1],[0, 2, 7],[6, 5, 4],[0, 0, 0, 0, 0, 0, 0, 0]
0,163,[7, 5, 4, 3, 2],[0, 2, 6, 8, 12],[6, 5, 4, 3, 0],[0, 0, 0, 0, 0, 0, 0, 0]
0,164,[7, 5, 4, 3],[0, 2, 6, 8],[6, 5, 4, 3],[0, 0, 0, 0, 0, 0, 0, 0]
0,165,[7, 5, 4],[0, 2, 6],[6, 5, 4],[0, 0, 0, 0, 0, 0, 0, 0]
0,166,[7, 5],[0, 2],[6, 5],[0, 0, 0, 0, 0, 0, 0, 0]
0,167,[7, 6],[0, 3],[6, 3],[0, 0, 0, 0, 0, 0, 0, 0]
0,168,[7, 8],[0, 10],[6, 5],[0, 0, 0, 0, 0, 0, 0, 0]
0,169,[7, 15, 9],[0, 5, 9],[6, 4, 2],[0, 0, 0, 0, 0, 0, 0, 0]
0,170,[7, 5, 4, 3, 10],[0, 2, 6, 8, 14],[6, 5, 4, 3, 0],[0, 0, 0, 0, 0, 0, 0, 0]
0,171,[7, 11],[0, 1],[6, 6],[0, 0, 0, 0, 0, 0, 0, 0]
0,172,[7, 12],[0, 1],[6, 6],[0, 0, 0, 0, 0, 0, 0, 0]
0,173,[7, 13],[0, 1],[6, 6],[0, 0, 0, 0, 0, 0, 0, 0]
0,174,[7, 14],[0, 1],[6, 6],[0, 0, 0, 0, 0, 0, 0, 0]
0,175,[7, 15],[0, 5],[6, 4],[0, 0, 0, 0, 0, 0, 0, 0]
0,176,[7, 15, 16],[0, 5, 7],[6, 4, 2],[0, 0, 0, 0, 0, 0, 0, 0]
0,177,[7, 6, 17],[0, 3, 5],[6, 3, 1],[0, 0, 0, 0, 0, 0, 0, 0]
0,178,[7, 15, 16, 18],[0, 5, 7, 9],[6, 4, 2, 0],[0, 0, 0, 0, 0, 0, 0, 0]
0,179,[7, 19],[0, 1],[6, 6],[0, 0, 0, 0, 0, 0, 0, 0]
0,180,[7, 20],[0, 1],[6, 6],[0, 0, 0, 0, 0, 0, 0, 0]
0,181,[7, 21],[0, 1],[6, 6],[0, 0, 0, 0, 0, 0, 0, 0]
0,182,[7, 22],[0, 1],[6, 6],[0, 0, 0, 0, 0, 0, 0, 0]
0,183,[7, 23],[0, 1],[6, 6],[0, 0, 0, 0, 0, 0, 0, 0]
0,184,[8, 0],[0, 1],[6, 6],[0, 0, 0, 0, 0, 0, 0, 0]
0,185,[8, 4, 5, 1],[0, 5, 9, 14],[6, 3, 2, 1],[0, 0, 0, 0, 0, 0, 0, 0]
0,186,[8, 2],[0, 1],[6, 6],[0, 0, 0, 0, 0, 0, 0, 0]
0,187,[8, 4, 3],[0, 5, 7],[6, 3, 2],[0, 0, 0, 0, 0, 0, 0, 0]
0,188,[8, 4],[0, 5],[6, 3],[0, 0, 0, 0, 0, 0, 0, 0]
0,189,[8, 4, 5],[0, 5, 9],[6, 3, 2],[0, 0, 0, 0, 0, 0, 0, 0]
0,190,[8, 6],[0, 1],[6, 6],[0, 0, 0, 0, 0, 0, 0, 0]
0,191,[8, 7],[0, 10],[6, 3],[0, 0, 0, 0, 0, 0, 0, 0]
0,192,[8, 9],[0, 3],[6, 4],[0, 0, 0, 0, 0, 0, 0, 0]
0,193,[8, 9, 10],[0, 3, 8],[6, 4, 3],[0, 0, 0, 0, 0, 0, 0, 0]
0,194,[8, 9, 10, 11],[0, 3, 8, 14],[6, 4, 3, 2],[0, 0, 0, 0, 0, 0, 0, 0]
0,195,[8, 9, 10, 11, 12],[0, 3, 8, 14, 17],[6, 4, 3, 2, 1],[0, 0, 0, 0, 0, 0, 0, 0]
0,196,[8, 9, 10, 13],[0, 3, 8, 12],[6, 4, 3, 1],[0, 0, 0, 0, 0, 0, 0, 0]
0,197,[8, 9, 14],[0, 3, 9],[6, 4, 1],[0, 0, 0, 0, 0, 0, 0, 0]
0,198,[8, 9, 15],[0, 3, 7],[6, 4, 3],[0, 0, 0, 0, 0, 0, 0, 0]
0,199,[8, 9, 15, 16],[0, 3, 7, 9],[6, 4, 3, 1],[0, 0, 0, 0, 0, 0, 0, 0]
0,200,[8, 9, 15, 17],[0, 3, 7, 10],[6, 4, 3, 1],[0, 0, 0, 0, 0, 0, 0, 0]
0,201,[8, 18],[0, 1],[6, 6],[0, 0, 0, 0, 0, 0, 0, 0]
0,202,[8, 19],[0, 1],[6, 6],[0, 0, 0, 0, 0, 0, 0, 0]
0,203,[8, 20],[0, 1],[6, 6],[0, 0, 0, 0, 0, 0, 0, 0]
0,204,[8, 21],[0, 1],[6, 6],[0, 0, 0, 0, 0, 0, 0, 0]
0,205,[8, 22],[0, 1],[6, 6],[0, 0, 0, 0, 0, 0, 0, 0]
0,206,[8, 23],[0, 1],[6, 6],[0, 0, 0, 0, 0, 0, 0, 0]
0,207,[9, 0],[0, 1],[6, 6],[0, 0, 0, 0, 0, 0, 0, 0]
0,208,[9, 15, 7, 5, 1],[0, 4, 9, 11, 16],[6, 5, 4, 3, 2],[0, 0, 0, 0, 0, 0, 0, 0]
0,209,[9, 2],[0, 1],[6, 6],[0, 0, 0, 0, 0, 0, 0, 0]
0,210,[9, 3],[0, 1],[6, 6],[0, 0, 0, 0, 0, 0, 0, 0]
0,211,[9, 8, 4],[0, 3, 8],[6, 3, 0],[0, 0, 0, 0, 0, 0, 0, 0]
0,212,[9, 15, 7, 5],[0, 4, 9, 11],[6, 5, 4, 3],[0, 0, 0, 0, 0, 0, 0, 0]
0,213,[9, 15, 17, 6],[0, 4, 7, 9],[6, 5, 3, 1],[0, 0, 0, 0, 0, 0, 0, 0]
0,214,[9, 15, 7],[0, 4, 9],[6, 5, 4],[0, 0, 0, 0, 0, 0, 0, 0]
0,215,[9, 8],[0, 3],[6, 3],[0, 0, 0, 0, 0, 0, 0, 0]
0,216,[9, 10],[0, 5],[6, 5],[0, 0, 0, 0, 0, 0, 0, 0]
0,217,[9, 10, 11],[0, 5, 11],[6, 5, 4],[0, 0, 0, 0, 0, 0, 0, 0]
0,218,[9, 10, 11, 12],[0, 5, 11, 14],[6, 5, 4, 3],[0, 0, 0, 0, 0, 0, 0, 0]
0,219,[9, 10, 13],[0, 5, 9],[6, 5, 3],[0, 0, 0, 0, 0, 0, 0, 0]
0,220,[9, 14],[0, 6],[6, 3],[0, 0, 0, 0, 0, 0, 0, 0]
0,221,[9, 15],[0, 4],[6, 5],[0, 0, 0, 0, 0, 0, 0, 0]
0,222,[9, 15, 16],[0, 4, 6],[6, 5, 3],[0, 0, 0, 0, 0, 0, 0, 0]
0,223,[9, 15, 17],[0, 4, 7],[6, 5, 3],[0, 0, 0, 0, 0, 0, 0, 0]
0,224,[9, 15, 16, 18],[0, 4, 6, 8],[6, 5, 3, 1],[0, 0, 0, 0, 0, 0, 0, 0]
0,225,[9, 15, 17, 19],[0, 4, 7, 11],[6, 5, 3, 1],[0, 0, 0, 0, 0, 0, 0, 0]
0,226,[9, 20],[0, 1],[6, 6],[0, 0, 0, 0, 0, 0, 0, 0]
0,227,[9, 14, 21],[0, 6, 9],[6, 3, 1],[0, 0, 0, 0, 0, 0, 0, 0]
0,228,[9, 10, 13, 22],[0, 5, 9, 13],[6, 5, 3, 1],[0, 0, 0, 0, 0, 0, 0, 0]
0,229,[9, 23],[0, 1],[6, 6],[0, 0, 0, 0, 0, 0, 0, 0]
0,230,[10, 3, 2, 0],[0, 6, 10, 14],[6, 5, 2, 0],[0, 0, 0, 0, 0, 0, 0, 0]
0,231,[10, 3, 4, 5, 1],[0, 6, 8, 12, 17],[6, 5, 4, 3, 2],[0, 0, 0, 0, 0, 0, 0, 0]
0,232,[10, 3, 2],[0, 6, 10],[6, 5, 2],[0, 0, 0, 0, 0, 0, 0, 0]
0,233,[10, 3],[0, 6],[6, 5],[0, 0, 0, 0, 0, 0, 0, 0]
0,234,[10, 3, 4],[0, 6, 8],[6, 5, 4],[0, 0, 0, 0, 0, 0, 0, 0]
0,235,[10, 3, 4, 5],[0, 6, 8, 12],[6, 5, 4, 3],[0, 0, 0, 0, 0, 0, 0, 0]
0,236,[10, 6],[0, 1],[6, 6],[0, 0, 0, 0, 0, 0, 0, 0]
0,237,[10, 9, 15, 7],[0, 5, 9, 14],[6, 3, 2, 1],[0, 0, 0, 0, 0, 0, 0, 0]
0,238,[10, 9, 8],[0, 5, 8],[6, 3, 0],[0, 0, 0, 0, 0, 0, 0, 0]
0,239,[10, 9],[0, 5],[6, 3],[0, 0, 0, 0, 0, 0, 0, 0]
0,240,[10, 11],[0, 6],[6, 5],[0, 0, 0, 0, 0, 0, 0, 0]
0,241,[10, 11, 12],[0, 6, 9],[6, 5, 4],[0, 0, 0, 0, 0, 0, 0, 0]
0,242,[10, 13],[0, 4],[6, 4],[0, 0, 0, 0, 0, 0, 0, 0]
0,243,[10, 13, 14],[0, 4, 9],[6, 4, 1],[0, 0, 0, 0, 0, 0, 0, 0]
0,244,[10, 9, 15],[0, 5, 9],[6, 3, 2],[0, 0, 0, 0, 0, 0, 0, 0]
0,245,[10, 9, 15, 16],[0, 5, 9, 11],[6, 3, 2, 0],[0, 0, 0, 0, 0, 0, 0, 0]
0,246,[10, 9, 15, 17],[0, 5, 9, 12],[6, 3, 2, 0],[0, 0, 0, 0, 0, 0, 0, 0]
0,247,[10, 13, 14, 18],[0, 4, 9, 12],[6, 4, 1, 0],[0, 0, 0, 0, 0, 0, 0, 0]
0,248,[10, 19],[0, 1],[6, 6],[0, 0, 0, 0, 0, 0, 0, 0]
0,249,[10, 13, 22, 23, 20],[0, 4, 8, 10, 13],[6, 4, 2, 1, 0],[0, 0, 0, 0, 0, 0, 0, 0]
0,250,[10, 21],[0, 1],[6, 6],[0, 0, 0, 0, 0, 0, 0, 0]
0,251,[10, 13, 22],[0, 4, 8],[6, 4, 2],[0, 0, 0, 0, 0, 0, 0, 0]
0,252,[10, 13, 22, 23],[0, 4, 8, 10],[6, 4, 2, 1],[0, 0, 0, 0, 0, 0, 0, 0]
0,253,[11, 2, 0],[0, 4, 8],[6, 3, 1],[0, 0, 0, 0, 0, 0, 0, 0]
0,254,[11, 2, 0, 1],[0, 4, 8, 14],[6, 3, 1, 0],[0, 0, 0, 0, 0, 0, 0, 0]
0,255,[11, 2],[0, 4],[6, 3],[0, 0, 0, 0, 0, 0, 0, 0]
0,256,[11, 2, 3],[0, 4, 8],[6, 3, 0],[0, 0, 0, 0, 0, 0, 0, 0]
0,257,[11, 4],[0, 1],[6, 6],[0, 0, 0, 0, 0, 0, 0, 0]
0,258,[11, 5],[0, 1],[6, 6],[0, 0, 0, 0, 0, 0, 0, 0]
0,259,[11, 6],[0, 1],[6, 6],[0, 0, 0, 0, 0, 0, 0, 0]
0,260,[11, 7],[0, 1],[6, 6],[0, 0, 0, 0, 0, 0, 0, 0]
0,261,[11, 8],[0, 1],[6, 6],[0, 0, 0, 0, 0, 0, 0, 0]
0,262,[11, 10, 9],[0, 6, 11],[6, 3, 0],[0, 0, 0, 0, 0, 0, 0, 0]
0,263,[11, 10],[0, 6],[6, 3],[0, 0, 0, 0, 0, 0, 0, 0]
0,264,[11, 12],[0, 3],[6, 5],[0, 0, 0, 0, 0, 0, 0, 0]
0,265,[11, 10, 13],[0, 6, 10],[6, 3, 1],[0, 0, 0, 0, 0, 0, 0, 0]
0,266,[11, 14],[0, 1],[6, 6],[0, 0, 0, 0, 0, 0, 0, 0]
0,267,[11, 15],[0, 1],[6, 6],[0, 0, 0, 0, 0, 0, 0, 0]
0,268,[11, 16],[0, 1],[6, 6],[0, 0, 0, 0, 0, 0, 0, 0]
0,269,[11, 17],[0, 1],[6, 6],[0, 0, 0, 0, 0, 0, 0, 0]
0,270,[11, 18],[0, 1],[6, 6],[0, 0, 0, 0, 0, 0, 0, 0]
0,271,[11, 12, 23, 20, 19],[0, 3, 7, 10, 16],[6, 5, 3, 2, 1],[0, 0, 0, 0, 0, 0, 0, 0]
0,272,[11, 12, 23, 20],[0, 3, 7, 10],[6, 5, 3, 2],[0, 0, 0, 0, 0, 0, 0, 0]
0,273,[11, 12, 23, 20, 21],[0, 3, 7, 10, 12],[6, 5, 3, 2, 1],[0, 0, 0, 0, 0, 0, 0, 0]
0,274,[11, 12, 23, 22],[0, 3, 7, 9],[6, 5, 3, 1],[0, 0, 0, 0, 0, 0, 0, 0]
0,275,[11, 12, 23],[0, 3, 7],[6, 5, 3],[0, 0, 0, 0, 0, 0, 0, 0]
0,276,[12, 0],[0, 1],[6, 6],[0, 0, 0, 0, 0, 0, 0, 0]
0,277,[12, 1],[0, 1],[6, 6],[0, 0, 0, 0, 0, 0, 0, 0]
0,278,[12, 11, 2],[0, 3, 7],[6, 3, 0],[0, 0, 0, 0, 0, 0, 0, 0]
0,279,[12, 3],[0, 1],[6, 6],[0, 0, 0, 0, 0, 0, 0, 0]
0,280,[12, 4],[0, 1],[6, 6],[0, 0, 0, 0, 0, 0, 0, 0]
0,281,[12, 5],[0, 1],[6, 6],[0, 0, 0, 0, 0, 0, 0, 0]
0,282,[12, 6],[0, 1],[6, 6],[0, 0, 0, 0, 0, 0, 0, 0]
0,283,[12, 7],[0, 1],[6, 6],[0, 0, 0, 0, 0, 0, 0, 0]
0,284,[12, 8],[0, 1],[6, 6],[0, 0, 0, 0, 0, 0, 0, 0]
0,285,[12, 9],[0, 1],[6, 6],[0, 0, 0, 0, 0, 0, 0, 0]
0,286,[12, 11, 10],[0, 3, 9],[6, 3, 0],[0, 0, 0, 0, 0, 0, 0, 0]
0,287,[12, 11],[0, 3],[6, 3],[0, 0, 0, 0, 0, 0, 0, 0]
0,288,[12, 23, 22, 13],[0, 4, 6, 10],[6, 4, 2, 1],[0, 0, 0, 0, 0, 0, 0, 0]
0,289,[12, 14],[0, 1],[6, 6],[0, 0, 0, 0, 0, 0, 0, 0]
0,290,[12, 15],[0, 1],[6, 6],[0, 0, 0, 0, 0, 0, 0, 0]
0,291,[12, 16],[0, 1],[6, 6],[0, 0, 0, 0, 0, 0, 0, 0]
0,292,[12, 23, 20, 19, 17],[0, 4, 7, 13, 17],[6, 4, 3, 2, 0],[0, 0, 0, 0, 0, 0, 0, 0]
0,293,[12, 18],[0, 1],[6, 6],[0, 0, 0, 0, 0, 0, 0, 0]
0,294,[12, 23, 20, 19],[0, 4, 7, 13],[6, 4, 3, 2],[0, 0, 0, 0, 0, 0, 0, 0]
0,295,[12, 23, 20],[0, 4, 7],[6, 4, 3],[0, 0, 0, 0, 0, 0, 0, 0]
0,296,[12, 23, 20, 21],[0, 4, 7, 9],[6, 4, 3, 2],[0, 0, 0, 0, 0, 0, 0, 0]
0,297,[12, 23, 22],[0, 4, 6],[6, 4, 2],[0, 0, 0, 0, 0, 0, 0, 0]
0,298,[12, 23],[0, 4],[6, 4],[0, 0, 0, 0, 0, 0, 0, 0]
0,299,[13, 0],[0, 1],[6, 6],[0, 0, 0, 0, 0, 0, 0, 0]
0,300,[13, 10, 3, 4, 5, 1],[0, 4, 10, 12, 16, 21],[6, 4, 3, 2, 1, 0],[0, 0, 0, 0, 0, 0, 0, 0]
0,301,[13, 10, 3, 2],[0, 4, 10, 14],[6, 4, 3, 0],[0, 0, 0, 0, 0, 0, 0, 0]
0,302,[13, 10, 3],[0, 4, 10],[6, 4, 3],[0, 0, 0, 0, 0, 0, 0, 0]
0,303,[13, 10, 3, 4],[0, 4, 10, 12],[6, 4, 3, 2],[0, 0, 0, 0, 0, 0, 0, 0]
0,304,[13, 10, 3, 4, 5],[0, 4, 10, 12, 16],[6, 4, 3, 2, 1],[0, 0, 0, 0, 0, 0, 0, 0]
0,305,[13, 6],[0, 1],[6, 6],[0, 0, 0, 0, 0, 0, 0, 0]
0,306,[13, 7],[0, 1],[6, 6],[0, 0, 0, 0, 0, 0, 0, 0]
0,307,[13, 8],[0, 1],[6, 6],[0, 0, 0, 0, 0, 0, 0, 0]
0,308,[13, 10, 9],[0, 4, 9],[6, 4, 1],[0, 0, 0, 0, 0, 0, 0, 0]
0,309,[13, 10],[0, 4],[6, 4],[0, 0, 0, 0, 0, 0, 0, 0]
0,310,[13, 10, 11],[0, 4, 10],[6, 4, 3],[0, 0, 0, 0, 0, 0, 0, 0]
0,311,[13, 22, 23, 12],[0, 4, 6, 10],[6, 4, 3, 1],[0, 0, 0, 0, 0, 0, 0, 0]
0,312,[13, 14],[0, 5],[6, 3],[0, 0, 0, 0, 0, 0, 0, 0]
0,313,[13, 15],[0, 1],[6, 6],[0, 0, 0, 0, 0, 0, 0, 0]
0,314,[13, 14, 18, 16],[0, 5, 8, 10],[6, 3, 2, 0],[0, 0, 0, 0, 0, 0, 0, 0]
0,315,[13, 17],[0, 1],[6, 6],[0, 0, 0, 0, 0, 0, 0, 0]
0,316,[13, 14, 18],[0, 5, 8],[6, 3, 2],[0, 0, 0, 0, 0, 0, 0, 0]
0,317,[13, 14, 18, 19],[0, 5, 8, 12],[6, 3, 2, 1],[0, 0, 0, 0, 0, 0, 0, 0]
0,318,[13, 22, 23, 20],[0, 4, 6, 9],[6, 4, 3, 2],[0, 0, 0, 0, 0, 0, 0, 0]
0,319,[13, 22, 21],[0, 4, 8],[6, 4, 1],[0, 0, 0, 0, 0, 0, 0, 0]
0,320,[13, 22],[0, 4],[6, 4],[0, 0, 0, 0, 0, 0, 0, 0]
0,321,[13, 22, 23],[0, 4, 6],[6, 4, 3],[0, 0, 0, 0, 0, 0, 0, 0]
0,322,[14, 0],[0, 1],[6, 6],[0, 0, 0, 0, 0, 0, 0, 0]
0,323,[14, 1],[0, 1],[6, 6],[0, 0, 0, 0, 0, 0, 0, 0]
0,324,[14, 2],[0, 1],[6, 6],[0, 0, 0, 0, 0, 0, 0, 0]
0,325,[14, 13, 10, 3],[0, 5, 9, 15],[6, 3, 1, 0],[0, 0, 0, 0, 0, 0, 0, 0]
0,326,[14, 4],[0, 1],[6, 6],[0, 0, 0, 0, 0, 0, 0, 0]
0,327,[14, 18, 16, 15, 7, 5],[0, 3, 5, 7, 12, 14],[6, 5, 3, 2, 1, 0],[0, 0, 0, 0, 0, 0, 0, 0]
0,328,[14, 6],[0, 1],[6, 6],[0, 0, 0, 0, 0, 0, 0, 0]
0,329,[14, 18, 16, 15, 7],[0, 3, 5, 7, 12],[6, 5, 3, 2, 1],[0, 0, 0, 0, 0, 0, 0, 0]
0,330,[14, 9, 8],[0, 6, 9],[6, 5, 2],[0, 0, 0, 0, 0, 0, 0, 0]
0,331,[14, 9],[0, 6],[6, 5],[0, 0, 0, 0, 0, 0, 0, 0]
0,332,[14, 13, 10],[0, 5, 9],[6, 3, 1],[0, 0, 0, 0, 0, 0, 0, 0]
0,333,[14, 13, 10, 11],[0, 5, 9, 15],[6, 3, 1, 0],[0, 0, 0, 0, 0, 0, 0, 0]
0,334,[14, 12],[0, 1],[6, 6],[0, 0, 0, 0, 0, 0, 0, 0]
0,335,[14, 13],[0, 5],[6, 3],[0, 0, 0, 0, 0, 0, 0, 0]
0,336,[14, 18, 16, 15],[0, 3, 5, 7],[6, 5, 3, 2],[0, 0, 0, 0, 0, 0, 0, 0]
0,337,[14, 18, 16],[0, 3, 5],[6, 5, 3],[0, 0, 0, 0, 0, 0, 0, 0]
0,338,[14, 18, 16, 15, 17],[0, 3, 5, 7, 10],[6, 5, 3, 2, 0],[0, 0, 0, 0, 0, 0, 0, 0]
0,339,[14, 18],[0, 3],[6, 5],[0, 0, 0, 0, 0, 0, 0, 0]
0,340,[14, 18, 19],[0, 3, 7],[6, 5, 4],[0, 0, 0, 0, 0, 0, 0, 0]
0,341,[14, 21, 20],[0, 3, 5],[6, 4, 2],[0, 0, 0, 0, 0, 0, 0, 0]
0,342,[14, 21],[0, 3],[6, 4],[0, 0, 0, 0, 0, 0, 0, 0]
0,343,[14, 21, 22],[0, 3, 7],[6, 4, 2],[0, 0, 0, 0, 0, 0, 0, 0]
0,344,[14, 21, 20, 23],[0, 3, 5, 8],[6, 4, 2, 1],[0, 0, 0, 0, 0, 0, 0, 0]
0,345,[15, 7, 5, 1, 0],[0, 5, 7, 12, 18],[6, 5, 4, 3, 2],[0, 0, 0, 0, 0, 0, 0, 0]
0,346,[15, 7, 5, 1],[0, 5, 7, 12],[6, 5, 4, 3],[0, 0, 0, 0, 0, 0, 0, 0]
0,347,[15, 2],[0, 1],[6, 6],[0, 0, 0, 0, 0, 0, 0, 0]
0,348,[15, 7, 5, 4, 3],[0, 5, 7, 11, 13],[6, 5, 4, 3, 2],[0, 0, 0, 0, 0, 0, 0, 0]
0,349,[15, 7, 5, 4],[0, 5, 7, 11],[6, 5, 4, 3],[0, 0, 0, 0, 0, 0, 0, 0]
0,350,[15, 7, 5],[0, 5, 7],[6, 5, 4],[0, 0, 0, 0, 0, 0, 0, 0]
0,351,[15, 17, 6],[0, 3, 5],[6, 4, 2],[0, 0, 0, 0, 0, 0, 0, 0]
0,352,[15, 7],[0, 5],[6, 5],[0, 0, 0, 0, 0, 0, 0, 0]
0,353,[15, 9, 8],[0, 4, 7],[6, 4, 1],[0, 0, 0, 0, 0, 0, 0, 0]
0,354,[15, 9],[0, 4],[6, 4],[0, 0, 0, 0, 0, 0, 0, 0]
0,355,[15, 9, 10],[0, 4, 9],[6, 4, 3],[0, 0, 0, 0, 0, 0, 0, 0]
0,356,[15, 9, 10, 11],[0, 4, 9, 15],[6, 4, 3, 2],[0, 0, 0, 0, 0, 0, 0, 0]
0,357,[15, 9, 10, 11, 12],[0, 4, 9, 15, 18],[6, 4, 3, 2, 1],[0, 0, 0, 0, 0, 0, 0, 0]
0,358,[15, 13],[0, 1],[6, 6],[0, 0, 0, 0, 0, 0, 0, 0]
0,359,[15, 16, 18, 14],[0, 2, 4, 7],[6, 4, 2, 1],[0, 0, 0, 0, 0, 0, 0, 0]
0,360,[15, 16],[0, 2],[6, 4],[0, 0, 0, 0, 0, 0, 0, 0]
0,361,[15, 17],[0, 3],[6, 4],[0, 0, 0, 0, 0, 0, 0, 0]
0,362,[15, 16, 18],[0, 2, 4],[6, 4, 2],[0, 0, 0, 0, 0, 0, 0, 0]
0,363,[15, 17, 19],[0, 3, 7],[6, 4, 2],[0, 0, 0, 0, 0, 0, 0, 0]
0,364,[15, 20],[0, 1],[6, 6],[0, 0, 0, 0, 0, 0, 0, 0]
0,365,[15, 21],[0, 1],[6, 6],[0, 0, 0, 0, 0, 0, 0, 0]
0,366,[15, 22],[0, 1],[6, 6],[0, 0, 0, 0, 0, 0, 0, 0]
0,367,[15, 23],[0, 1],[6, 6],[0, 0, 0, 0, 0, 0, 0, 0]
0,368,[16, 15, 7, 5, 1, 0],[0, 2, 7, 9, 14, 20],[6, 5, 4, 3, 2, 1],[0, 0, 0, 0, 0, 0, 0, 0]
0,369,[16, 15, 7, 5, 1],[0, 2, 7, 9, 14],[6, 5, 4, 3, 2],[0, 0, 0, 0, 0, 0, 0, 0]
0,370,[16, 2],[0, 1],[6, 6],[0, 0, 0, 0, 0, 0, 0, 0]
0,371,[16, 15, 7, 5, 4, 3],[0, 2, 7, 9, 13, 15],[6, 5, 4, 3, 2, 1],[0, 0, 0, 0, 0, 0, 0, 0]
0,372,[16, 15, 7, 5, 4],[0, 2, 7, 9, 13],[6, 5, 4, 3, 2],[0, 0, 0, 0, 0, 0, 0, 0]
0,373,[16, 15, 7, 5],[0, 2, 7, 9],[6, 5, 4, 3],[0, 0, 0, 0, 0, 0, 0, 0]
0,374,[16, 15, 17, 6],[0, 2, 5, 7],[6, 5, 3, 1],[0, 0, 0, 0, 0, 0, 0, 0]
0,375,[16, 15, 7],[0, 2, 7],[6, 5, 4],[0, 0, 0, 0, 0, 0, 0, 0]
0,376,[16, 15, 9, 8],[0, 2, 6, 9],[6, 5, 3, 0],[0, 0, 0, 0, 0, 0, 0, 0]
0,377,[16, 15, 9],[0, 2, 6],[6, 5, 3],[0, 0, 0, 0, 0, 0, 0, 0]
0,378,[16, 15, 9, 10],[0, 2, 6, 11],[6, 5, 3, 2],[0, 0, 0, 0, 0, 0, 0, 0]
0,379,[16, 15, 9, 10, 11],[0, 2, 6, 11, 17],[6, 5, 3, 2, 1],[0, 0, 0, 0, 0, 0, 0, 0]
0,380,[16, 12],[0, 1],[6, 6],[0, 0, 0, 0, 0, 0, 0, 0]
0,381,[16, 18, 14, 13],[0, 2, 5, 10],[6, 4, 3, 0],[0, 0, 0, 0, 0, 0, 0, 0]
0,382,[16, 18, 14],[0, 2, 5],[6, 4, 3],[0, 0, 0, 0, 0, 0, 0, 0]
0,383,[16, 15],[0, 2],[6, 5],[0, 0, 0, 0, 0, 0, 0, 0]
0,384,[16, 15, 17],[0, 2, 5],[6, 5, 3],[0, 0, 0, 0, 0, 0, 0, 0]
0,385,[16, 18],[0, 2],[6, 4],[0, 0, 0, 0, 0, 0, 0, 0]
0,386,[16, 18, 19],[0, 2, 6],[6, 4, 3],[0, 0, 0, 0, 0, 0, 0, 0]
0,387,[16, 20],[0, 1],[6, 6],[0, 0, 0, 0, 0, 0, 0, 0]
0,388,[16, 18, 14, 21],[0, 2, 5, 8],[6, 4, 3, 1],[0, 0, 0, 0, 0, 0, 0, 0]
0,389,[16, 22],[0, 1],[6, 6],[0, 0, 0, 0, 0, 0, 0, 0]
0,390,[16, 23],[0, 1],[6, 6],[0, 0, 0, 0, 0, 0, 0, 0]
0,391,[17, 0],[0, 1],[6, 6],[0, 0, 0, 0, 0, 0, 0, 0]
0,392,[17, 6, 7, 5, 1],[0, 2, 5, 7, 12],[6, 4, 2, 1, 0],[0, 0, 0, 0, 0, 0, 0, 0]
0,393,[17, 2],[0, 1],[6, 6],[0, 0, 0, 0, 0, 0, 0, 0]
0,394,[17, 3],[0, 1],[6, 6],[0, 0, 0, 0, 0, 0, 0, 0]
0,395,[17, 6, 7, 5, 4],[0, 2, 5, 7, 11],[6, 4, 2, 1, 0],[0, 0, 0, 0, 0, 0, 0, 0]
0,396,[17, 6, 7, 5],[0, 2, 5, 7],[6, 4, 2, 1],[0, 0, 0, 0, 0, 0, 0, 0]
0,397,[17, 6],[0, 2],[6, 4],[0, 0, 0, 0, 0, 0, 0, 0]
0,398,[17, 6, 7],[0, 2, 5],[6, 4, 2],[0, 0, 0, 0, 0, 0, 0, 0]
0,399,[17, 15, 9, 8],[0, 3, 7, 10],[6, 5, 3, 0],[0, 0, 0, 0, 0, 0, 0, 0]
0,400,[17, 15, 9],[0, 3, 7],[6, 5, 3],[0, 0, 0, 0, 0, 0, 0, 0]
0,401,[17, 15, 9, 10],[0, 3, 7, 12],[6, 5, 3, 2],[0, 0, 0, 0, 0, 0, 0, 0]
0,402,[17, 15, 9, 10, 11],[0, 3, 7, 12, 18],[6, 5, 3, 2, 1],[0, 0, 0, 0, 0, 0, 0, 0]
0,403,[17, 19, 20, 23, 12],[0, 4, 10, 13, 17],[6, 4, 3, 2, 0],[0, 0, 0, 0, 0, 0, 0, 0]
0,404,[17, 13],[0, 1],[6, 6],[0, 0, 0, 0, 0, 0, 0, 0]
0,405,[17, 15, 16, 18, 14],[0, 3, 5, 7, 10],[6, 5, 3, 1, 0],[0, 0, 0, 0, 0, 0, 0, 0]
0,406,[17, 15],[0, 3],[6, 5],[0, 0, 0, 0, 0, 0, 0, 0]
0,407,[17, 15, 16],[0, 3, 5],[6, 5, 3],[0, 0, 0, 0, 0, 0, 0, 0]
0,408,[17, 15, 16, 18],[0, 3, 5, 7],[6, 5, 3, 1],[0, 0, 0, 0, 0, 0, 0, 0]
0,409,[17, 19],[0, 4],[6, 4],[0, 0, 0, 0, 0, 0, 0, 0]
0,410,[17, 19, 20],[0, 4, 10],[6, 4, 3],[0, 0, 0, 0, 0, 0, 0, 0]
0,411,[17, 19, 21],[0, 4, 9],[6, 4, 2],[0, 0, 0, 0, 0, 0, 0, 0]
0,412,[17, 19, 21, 22],[0, 4, 9, 13],[6, 4, 2, 0],[0, 0, 0, 0, 0, 0, 0, 0]
0,413,[17, 19, 20, 23],[0, 4, 10, 13],[6, 4, 3, 2],[0, 0, 0, 0, 0, 0, 0, 0]
0,414,[18, 0],[0, 1],[6, 6],[0, 0, 0, 0, 0, 0, 0, 0]
0,415,[18, 16, 15, 7, 5, 1],[0, 2, 4, 9, 11, 16],[6, 4, 3, 2, 1, 0],[0, 0, 0, 0, 0, 0, 0, 0]
0,416,[18, 2],[0, 1],[6, 6],[0, 0, 0, 0, 0, 0, 0, 0]
0,417,[18, 3],[0, 1],[6, 6],[0, 0, 0, 0, 0, 0, 0, 0]
0,418,[18, 16, 15, 7, 5, 4],[0, 2, 4, 9, 11, 15],[6, 4, 3, 2, 1, 0],[0, 0, 0, 0, 0, 0, 0, 0]
0,419,[18, 16, 15, 7, 5],[0, 2, 4, 9, 11],[6, 4, 3, 2, 1],[0, 0, 0, 0, 0, 0, 0, 0]
0,420,[18, 6],[0, 1],[6, 6],[0, 0, 0, 0, 0, 0, 0, 0]
0,421,[18, 16, 15, 7],[0, 2, 4, 9],[6, 4, 3, 2],[0, 0, 0, 0, 0, 0, 0, 0]
0,422,[18, 8],[0, 1],[6, 6],[0, 0, 0, 0, 0, 0, 0, 0]
0,423,[18, 16, 15, 9],[0, 2, 4, 8],[6, 4, 3, 1],[0, 0, 0, 0, 0, 0, 0, 0]
0,424,[18, 14, 13, 10],[0, 3, 8, 12],[6, 5, 2, 0],[0, 0, 0, 0, 0, 0, 0, 0]
0,425,[18, 11],[0, 1],[6, 6],[0, 0, 0, 0, 0, 0, 0, 0]
0,426,[18, 12],[0, 1],[6, 6],[0, 0, 0, 0, 0, 0, 0, 0]
0,427,[18, 14, 13],[0, 3, 8],[6, 5, 2],[0, 0, 0, 0, 0, 0, 0, 0]
0,428,[18, 14],[0, 3],[6, 5],[0, 0, 0, 0, 0, 0, 0, 0]
0,429,[18, 16, 15],[0, 2, 4],[6, 4, 3],[0, 0, 0, 0, 0, 0, 0, 0]
0,430,[18, 16],[0, 2],[6, 4],[0, 0, 0, 0, 0, 0, 0, 0]
0,431,[18, 16, 15, 17],[0, 2, 4, 7],[6, 4, 3, 1],[0, 0, 0, 0, 0, 0, 0, 0]
0,432,[18, 19],[0, 4],[6, 5],[0, 0, 0, 0, 0, 0, 0, 0]
0,433,[18, 14, 21, 20],[0, 3, 6, 8],[6, 5, 3, 1],[0, 0, 0, 0, 0, 0, 0, 0]
0,434,[18, 14, 21],[0, 3, 6],[6, 5, 3],[0, 0, 0, 0, 0, 0, 0, 0]
0,435,[18, 14, 21, 22],[0, 3, 6, 10],[6, 5, 3, 1],[0, 0, 0, 0, 0, 0, 0, 0]
0,436,[18, 14, 21, 20, 23],[0, 3, 6, 8, 11],[6, 5, 3, 1, 0],[0, 0, 0, 0, 0, 0, 0, 0]
0,437,[19, 0],[0, 1],[6, 6],[0, 0, 0, 0, 0, 0, 0, 0]
0,438,[19, 1],[0, 1],[6, 6],[0, 0, 0, 0, 0, 0, 0, 0]
0,439,[19, 2],[0, 1],[6, 6],[0, 0, 0, 0, 0, 0, 0, 0]
0,440,[19, 3],[0, 1],[6, 6],[0, 0, 0, 0, 0, 0, 0, 0]
0,441,[19, 4],[0, 1],[6, 6],[0, 0, 0, 0, 0, 0, 0, 0]
0,442,[19, 5],[0, 1],[6, 6],[0, 0, 0, 0, 0, 0, 0, 0]
0,443,[19, 17, 6],[0, 4, 6],[6, 4, 2],[0, 0, 0, 0, 0, 0, 0, 0]
0,444,[19, 17, 6, 7],[0, 4, 6, 9],[6, 4, 2, 0],[0, 0, 0, 0, 0, 0, 0, 0]
0,445,[19, 8],[0, 1],[6, 6],[0, 0, 0, 0, 0, 0, 0, 0]
0,446,[19, 17, 15, 9],[0, 4, 7, 11],[6, 4, 3, 1],[0, 0, 0, 0, 0, 0, 0, 0]
0,447,[19, 17, 15, 9, 10],[0, 4, 7, 11, 16],[6, 4, 3, 1, 0],[0, 0, 0, 0, 0, 0, 0, 0]
0,448,[19, 11],[0, 1],[6, 6],[0, 0, 0, 0, 0, 0, 0, 0]
0,449,[19, 20, 23, 12],[0, 6, 9, 13],[6, 5, 4, 2],[0, 0, 0, 0, 0, 0, 0, 0]
0,450,[19, 13],[0, 1],[6, 6],[0, 0, 0, 0, 0, 0, 0, 0]
0,451,[19, 18, 14],[0, 4, 7],[6, 3, 2],[0, 0, 0, 0, 0, 0, 0, 0]
0,452,[19, 17, 15],[0, 4, 7],[6, 4, 3],[0, 0, 0, 0, 0, 0, 0, 0]
0,453,[19, 18, 16],[0, 4, 6],[6, 3, 1],[0, 0, 0, 0, 0, 0, 0, 0]
0,454,[19, 17],[0, 4],[6, 4],[0, 0, 0, 0, 0, 0, 0, 0]
0,455,[19, 18],[0, 4],[6, 3],[0, 0, 0, 0, 0, 0, 0, 0]
0,456,[19, 20],[0, 6],[6, 5],[0, 0, 0, 0, 0, 0, 0, 0]
0,457,[19, 21],[0, 5],[6, 4],[0, 0, 0, 0, 0, 0, 0, 0]
0,458,[19, 21, 22],[0, 5, 9],[6, 4, 2],[0, 0, 0, 0, 0, 0, 0, 0]
0,459,[19, 20, 23],[0, 6, 9],[6, 5, 4],[0, 0, 0, 0, 0, 0, 0, 0]
0,460,[20, 0],[0, 1],[6, 6],[0, 0, 0, 0, 0, 0, 0, 0]
0,461,[20, 1],[0, 1],[6, 6],[0, 0, 0, 0, 0, 0, 0, 0]
0,462,[20, 2],[0, 1],[6, 6],[0, 0, 0, 0, 0, 0, 0, 0]
0,463,[20, 3],[0, 1],[6, 6],[0, 0, 0, 0, 0, 0, 0, 0]
0,464,[20, 4],[0, 1],[6, 6],[0, 0, 0, 0, 0, 0, 0, 0]
0,465,[20, 5],[0, 1],[6, 6],[0, 0, 0, 0, 0, 0, 0, 0]
0,466,[20, 19, 17, 6],[0, 6, 10, 12],[6, 5, 3, 1],[0, 0, 0, 0, 0, 0, 0, 0]
0,467,[20, 7],[0, 1],[6, 6],[0, 0, 0, 0, 0, 0, 0, 0]
0,468,[20, 8],[0, 1],[6, 6],[0, 0, 0, 0, 0, 0, 0, 0]
0,469,[20, 21, 14, 9],[0, 2, 5, 11],[6, 5, 2, 1],[0, 0, 0, 0, 0, 0, 0, 0]
0,470,[20, 23, 22, 13, 10],[0, 3, 5, 9, 13],[6, 5, 3, 2, 0],[0, 0, 0, 0, 0, 0, 0, 0]
0,471,[20, 23, 12, 11],[0, 3, 7, 10],[6, 5, 3, 0],[0, 0, 0, 0, 0, 0, 0, 0]
0,472,[20, 23, 12],[0, 3, 7],[6, 5, 3],[0, 0, 0, 0, 0, 0, 0, 0]
0,473,[20, 23, 22, 13],[0, 3, 5, 9],[6, 5, 3, 2],[0, 0, 0, 0, 0, 0, 0, 0]
0,474,[20, 21, 14],[0, 2, 5],[6, 5, 2],[0, 0, 0, 0, 0, 0, 0, 0]
0,475,[20, 15],[0, 1],[6, 6],[0, 0, 0, 0, 0, 0, 0, 0]
0,476,[20, 16],[0, 1],[6, 6],[0, 0, 0, 0, 0, 0, 0, 0]
0,477,[20, 19, 17],[0, 6, 10],[6, 5, 3],[0, 0, 0, 0, 0, 0, 0, 0]
0,478,[20, 21, 14, 18],[0, 2, 5, 8],[6, 5, 2, 1],[0, 0, 0, 0, 0, 0, 0, 0]
0,479,[20, 19],[0, 6],[6, 5],[0, 0, 0, 0, 0, 0, 0, 0]
0,480,[20, 21],[0, 2],[6, 5],[0, 0, 0, 0, 0, 0, 0, 0]
0,481,[20, 23, 22],[0, 3, 5],[6, 5, 3],[0, 0, 0, 0, 0, 0, 0, 0]
0,482,[20, 23],[0, 3],[6, 5],[0, 0, 0, 0, 0, 0, 0, 0]
0,483,[21, 0],[0, 1],[6, 6],[0, 0, 0, 0, 0, 0, 0, 0]
0,484,[21, 1],[0, 1],[6, 6],[0, 0, 0, 0, 0, 0, 0, 0]
0,485,[21, 2],[0, 1],[6, 6],[0, 0, 0, 0, 0, 0, 0, 0]
0,486,[21, 22, 13, 10, 3],[0, 4, 8, 12, 18],[6, 4, 3, 1, 0],[0, 0, 0, 0, 0, 0, 0, 0]
0,487,[21, 4],[0, 1],[6, 6],[0, 0, 0, 0, 0, 0, 0, 0]
0,488,[21, 5],[0, 1],[6, 6],[0, 0, 0, 0, 0, 0, 0, 0]
0,489,[21, 19, 17, 6],[0, 5, 9, 11],[6, 4, 2, 0],[0, 0, 0, 0, 0, 0, 0, 0]
0,490,[21, 7],[0, 1],[6, 6],[0, 0, 0, 0, 0, 0, 0, 0]
0,491,[21, 8],[0, 1],[6, 6],[0, 0, 0, 0, 0, 0, 0, 0]
0,492,[21, 14, 9],[0, 3, 9],[6, 3, 2],[0, 0, 0, 0, 0, 0, 0, 0]
0,493,[21, 22, 13, 10],[0, 4, 8, 12],[6, 4, 3, 1],[0, 0, 0, 0, 0, 0, 0, 0]
0,494,[21, 11],[0, 1],[6, 6],[0, 0, 0, 0, 0, 0, 0, 0]
0,495,[21, 20, 23, 12],[0, 2, 5, 9],[6, 4, 3, 1],[0, 0, 0, 0, 0, 0, 0, 0]
0,496,[21, 14, 13],[0, 3, 8],[6, 3, 0],[0, 0, 0, 0, 0, 0, 0, 0]
0,497,[21, 14],[0, 3],[6, 3],[0, 0, 0, 0, 0, 0, 0, 0]
0,498,[21, 15],[0, 1],[6, 6],[0, 0, 0, 0, 0, 0, 0, 0]
0,499,[21, 14, 18, 16],[0, 3, 6, 8],[6, 3, 2, 0],[0, 0, 0, 0, 0, 0, 0, 0]
0,500,[21, 19, 17],[0, 5, 9],[6, 4, 2],[0, 0, 0, 0, 0, 0, 0, 0]
0,501,[21, 14, 18],[0, 3, 6],[6, 3, 2],[0, 0, 0, 0, 0, 0, 0, 0]
0,502,[21, 19],[0, 5],[6, 4],[0, 0, 0, 0, 0, 0, 0, 0]
0,503,[21, 20],[0, 2],[6, 4],[0, 0, 0, 0, 0, 0, 0, 0]
0,504,[21, 22],[0, 4],[6, 4],[0, 0, 0, 0, 0, 0, 0, 0]
0,505,[21, 20, 23],[0, 2, 5],[6, 4, 3],[0, 0, 0, 0, 0, 0, 0, 0]
0,506,[22, 0],[0, 1],[6, 6],[0, 0, 0, 0, 0, 0, 0, 0]
0,507,[22, 1],[0, 1],[6, 6],[0, 0, 0, 0, 0, 0, 0, 0]
0,508,[22, 2],[0, 1],[6, 6],[0, 0, 0, 0, 0, 0, 0, 0]
0,509,[22, 13, 10, 3],[0, 4, 8, 14],[6, 5, 3, 2],[0, 0, 0, 0, 0, 0, 0, 0]
0,510,[22, 13, 10, 3, 4],[0, 4, 8, 14, 16],[6, 5, 3, 2, 1],[0, 0, 0, 0, 0, 0, 0, 0]
0,511,[22, 13, 10, 3, 4, 5],[0, 4, 8, 14, 16, 20],[6, 5, 3, 2, 1, 0],[0, 0, 0, 0, 0, 0, 0, 0]
0,512,[22, 6],[0, 1],[6, 6],[0, 0, 0, 0, 0, 0, 0, 0]
0,513,[22, 7],[0, 1],[6, 6],[0, 0, 0, 0, 0, 0, 0, 0]
0,514,[22, 8],[0, 1],[6, 6],[0, 0, 0, 0, 0, 0, 0, 0]
0,515,[22, 13, 10, 9],[0, 4, 8, 13],[6, 5, 3, 0],[0, 0, 0, 0, 0, 0, 0, 0]
0,516,[22, 13, 10],[0, 4, 8],[6, 5, 3],[0, 0, 0, 0, 0, 0, 0, 0]
0,517,[22, 23, 12, 11],[0, 2, 6, 9],[6, 5, 3, 0],[0, 0, 0, 0, 0, 0, 0, 0]
0,518,[22, 23, 12],[0, 2, 6],[6, 5, 3],[0, 0, 0, 0, 0, 0, 0, 0]
0,519,[22, 13],[0, 4],[6, 5],[0, 0, 0, 0, 0, 0, 0, 0]
0,520,[22, 21, 14],[0, 4, 7],[6, 3, 0],[0, 0, 0, 0, 0, 0, 0, 0]
0,521,[22, 15],[0, 1],[6, 6],[0, 0, 0, 0, 0, 0, 0, 0]
0,522,[22, 16],[0, 1],[6, 6],[0, 0, 0, 0, 0, 0, 0, 0]
0,523,[22, 17],[0, 1],[6, 6],[0, 0, 0, 0, 0, 0, 0, 0]
0,524,[22, 18],[0, 1],[6, 6],[0, 0, 0, 0, 0, 0, 0, 0]
0,525,[22, 21, 19],[0, 4, 9],[6, 3, 1],[0, 0, 0, 0, 0, 0, 0, 0]
0,526,[22, 23, 20],[0, 2, 5],[6, 5, 4],[0, 0, 0, 0, 0, 0, 0, 0]
0,527,[22, 21],[0, 4],[6, 3],[0, 0, 0, 0, 0, 0, 0, 0]
0,528,[22, 23],[0, 2],[6, 5],[0, 0, 0, 0, 0, 0, 0, 0]
0,529,[23, 0],[0, 1],[6, 6],[0, 0, 0, 0, 0, 0, 0, 0]
0,530,[23, 1],[0, 1],[6, 6],[0, 0, 0, 0, 0, 0, 0, 0]
0,531,[23, 2],[0, 1],[6, 6],[0, 0, 0, 0, 0, 0, 0, 0]
0,532,[23, 3],[0, 1],[6, 6],[0, 0, 0, 0, 0, 0, 0, 0]
0,533,[23, 4],[0, 1],[6, 6],[0, 0, 0, 0, 0, 0, 0, 0]
0,534,[23, 5],[0, 1],[6, 6],[0, 0, 0, 0, 0, 0, 0, 0]
0,535,[23, 20, 19, 17, 6],[0, 3, 9, 13, 15],[6, 5, 4, 2, 0],[0, 0, 0, 0, 0, 0, 0, 0]
0,536,[23, 7],[0, 1],[6, 6],[0, 0, 0, 0, 0, 0, 0, 0]
0,537,[23, 8],[0, 1],[6, 6],[0, 0, 0, 0, 0, 0, 0, 0]
0,538,[23, 20, 21, 14, 9],[0, 3, 5, 8, 14],[6, 5, 4, 1, 0],[0, 0, 0, 0, 0, 0, 0, 0]
0,539,[23, 22, 13, 10],[0, 2, 6, 10],[6, 4, 3, 1],[0, 0, 0, 0, 0, 0, 0, 0]
0,540,[23, 12, 11],[0, 4, 7],[6, 4, 1],[0, 0, 0, 0, 0, 0, 0, 0]
0,541,[23, 12],[0, 4],[6, 4],[0, 0, 0, 0, 0, 0, 0, 0]
0,542,[23, 22, 13],[0, 2, 6],[6, 4, 3],[0, 0, 0, 0, 0, 0, 0, 0]
0,543,[23, 20, 21, 14],[0, 3, 5, 8],[6, 5, 4, 1],[0, 0, 0, 0, 0, 0, 0, 0]
0,544,[23, 15],[0, 1],[6, 6],[0, 0, 0, 0, 0, 0, 0, 0]
0,545,[23, 16],[0, 1],[6, 6],[0, 0, 0, 0, 0, 0, 0, 0]
0,546,[23, 20, 19, 17],[0, 3, 9, 13],[6, 5, 4, 2],[0, 0, 0, 0, 0, 0, 0, 0]
0,547,[23, 20, 21, 14, 18],[0, 3, 5, 8, 11],[6, 5, 4, 1, 0],[0, 0, 0, 0, 0, 0, 0, 0]
0,548,[23, 20, 19],[0, 3, 9],[6, 5, 4],[0, 0, 0, 0, 0, 0, 0, 0]
0,549,[23, 20],[0, 3],[6, 5],[0, 0, 0, 0, 0, 0, 0, 0]
0,550,[23, 20, 21],[0, 3, 5],[6, 5, 4],[0, 0, 0, 0, 0, 0, 0, 0]
0,551,[23, 22],[0, 2],[6, 4],[0, 0, 0, 0, 0, 0, 0, 0]
