iteration,OD,space,time,state,charging_flag
0,0,[0, 3],[0, 1],[2, 2],[0, 0]
0,1,[1, 2],[0, 1],[2, 2],[0, 0]
0,2,[3, 0],[0, 1],[2, 2],[0, 0]
0,3,[2, 1],[0, 1],[2, 2],[0, 0]
1,0,[0, 1, 6, 1, 3],[0, 1, 2, 3, 4],[2, 0, 2, 2, 0],[1, 0]
1,1,[1, 2],[0, 1],[2, 2],[0, 0]
1,2,[3, 1, 6, 1, 0],[0, 1, 2, 3, 6],[2, 0, 2, 2, 0],[1, 0]
1,3,[2, 1],[0, 1],[2, 2],[0, 0]
2,0,[0, 4, 7, 4, 5, 3],[0, 1, 2, 3, 4, 5],[2, 1, 2, 2, 1, 0],[0, 1]
2,1,[1, 4, 7, 4, 5, 2],[0, 1, 2, 3, 4, 5],[2, 1, 2, 2, 1, 0],[0, 1]
2,2,[3, 0],[0, 1],[2, 2],[0, 0]
2,3,[2, 1],[0, 1],[2, 2],[0, 0]
3,0,[0, 1, 6, 1, 3],[0, 1, 2, 3, 4],[2, 0, 2, 2, 0],[1, 0]
3,1,[1, 2],[0, 1],[2, 2],[0, 0]
3,2,[3, 1, 6, 1, 0],[0, 1, 2, 3, 6],[2, 0, 2, 2, 0],[1, 0]
3,3,[2, 1],[0, 1],[2, 2],[0, 0]
4,0,[0, 1, 6, 1, 3],[0, 1, 2, 3, 4],[2, 0, 2, 2, 0],[1, 0]
4,1,[1, 2],[0, 1],[2, 2],[0, 0]
4,2,[3, 1, 6, 1, 0],[0, 1, 2, 3, 6],[2, 0, 2, 2, 0],[1, 0]
4,3,[2, 1],[0, 1],[2, 2],[0, 0]
5,0,[0, 4, 7, 4, 5, 3],[0, 1, 2, 3, 4, 5],[2, 1, 2, 2, 1, 0],[0, 1]
5,1,[1, 4, 7, 4, 5, 2],[0, 1, 2, 3, 4, 5],[2, 1, 2, 2, 1, 0],[0, 1]
5,2,[3, 0],[0, 1],[2, 2],[0, 0]
5,3,[2, 1],[0, 1],[2, 2],[0, 0]
6,0,[0, 1, 6, 1, 3],[0, 1, 2, 3, 4],[2, 0, 2, 2, 0],[1, 0]
6,1,[1, 2],[0, 1],[2, 2],[0, 0]
6,2,[3, 1, 6, 1, 0],[0, 1, 2, 3, 6],[2, 0, 2, 2, 0],[1, 0]
6,3,[2, 1],[0, 1],[2, 2],[0, 0]
7,0,[0, 4, 7, 4, 5, 3],[0, 1, 2, 3, 4, 5],[2, 1, 2, 2, 1, 0],[0, 1]
7,1,[1, 4, 7, 4, 5, 2],[0, 1, 2, 3, 4, 5],[2, 1, 2, 2, 1, 0],[0, 1]
7,2,[3, 0],[0, 1],[2, 2],[0, 0]
7,3,[2, 1],[0, 1],[2, 2],[0, 0]
8,0,[0, 1, 6, 1, 3],[0, 1, 2, 3, 4],[2, 0, 2, 2, 0],[1, 0]
8,1,[1, 2],[0, 1],[2, 2],[0, 0]
8,2,[3, 1, 6, 1, 0],[0, 1, 2, 3, 6],[2, 0, 2, 2, 0],[1, 0]
8,3,[2, 1],[0, 1],[2, 2],[0, 0]
9,0,[0, 4, 7, 4, 5, 3],[0, 1, 2, 3, 4, 5],[2, 1, 2, 2, 1, 0],[0, 1]
9,1,[1, 4, 7, 4, 5, 2],[0, 1, 2, 3, 4, 5],[2, 1, 2, 2, 1, 0],[0, 1]
9,2,[3, 0],[0, 1],[2, 2],[0, 0]
9,3,[2, 1],[0, 1],[2, 2],[0, 0]
10,0,[0, 1, 6, 1, 3],[0, 1, 2, 3, 4],[2, 0, 2, 2, 0],[1, 0]
10,1,[1, 2],[0, 1],[2, 2],[0, 0]
10,2,[3, 1, 6, 1, 0],[0, 1, 2, 3, 6],[2, 0, 2, 2, 0],[1, 0]
10,3,[2, 1],[0, 1],[2, 2],[0, 0]
11,0,[0, 4, 7, 4, 5, 3],[0, 1, 2, 3, 4, 5],[2, 1, 2, 2, 1, 0],[0, 1]
11,1,[1, 4, 7, 4, 5, 2],[0, 1, 2, 3, 4, 5],[2, 1, 2, 2, 1, 0],[0, 1]
11,2,[3, 0],[0, 1],[2, 2],[0, 0]
11,3,[2, 1],[0, 1],[2, 2],[0, 0]
12,0,[0, 1, 6, 1, 3],[0, 1, 2, 3, 4],[2, 0, 2, 2, 0],[1, 0]
12,1,[1, 2],[0, 1],[2, 2],[0, 0]
12,2,[3, 1, 6, 1, 0],[0, 1, 2, 3, 6],[2, 0, 2, 2, 0],[1, 0]
12,3,[2, 1],[0, 1],[2, 2],[0, 0]
13,0,[0, 4, 7, 4, 5, 3],[0, 1, 2, 3, 4, 5],[2, 1, 2, 2, 1, 0],[0, 1]
13,1,[1, 4, 7, 4, 5, 2],[0, 1, 2, 3, 4, 5],[2, 1, 2, 2, 1, 0],[0, 1]
13,2,[3, 0],[0, 1],[2, 2],[0, 0]
13,3,[2, 1],[0, 1],[2, 2],[0, 0]
14,0,[0, 1, 6, 1, 3],[0, 1, 2, 3, 4],[2, 0, 2, 2, 0],[1, 0]
14,1,[1, 2],[0, 1],[2, 2],[0, 0]
14,2,[3, 1, 6, 1, 0],[0, 1, 2, 3, 6],[2, 0, 2, 2, 0],[1, 0]
14,3,[2, 1],[0, 1],[2, 2],[0, 0]
15,0,[0, 4, 7, 4, 5, 3],[0, 1, 2, 3, 4, 5],[2, 1, 2, 2, 1, 0],[0, 1]
15,1,[1, 4, 7, 4, 5, 2],[0, 1, 2, 3, 4, 5],[2, 1, 2, 2, 1, 0],[0, 1]
15,2,[3, 0],[0, 1],[2, 2],[0, 0]
15,3,[2, 1],[0, 1],[2, 2],[0, 0]
16,0,[0, 1, 6, 1, 3],[0, 1, 2, 3, 4],[2, 0, 2, 2, 0],[1, 0]
16,1,[1, 2],[0, 1],[2, 2],[0, 0]
16,2,[3, 1, 6, 1, 0],[0, 1, 2, 3, 6],[2, 0, 2, 2, 0],[1, 0]
16,3,[2, 1],[0, 1],[2, 2],[0, 0]
17,0,[0, 4, 7, 4, 5, 3],[0, 1, 2, 3, 4, 5],[2, 1, 2, 2, 1, 0],[0, 1]
17,1,[1, 4, 7, 4, 5, 2],[0, 1, 2, 3, 4, 5],[2, 1, 2, 2, 1, 0],[0, 1]
17,2,[3, 0],[0, 1],[2, 2],[0, 0]
17,3,[2, 1],[0, 1],[2, 2],[0, 0]
18,0,[0, 1, 6, 1, 3],[0, 1, 2, 3, 4],[2, 0, 2, 2, 0],[1, 0]
18,1,[1, 2],[0, 1],[2, 2],[0, 0]
18,2,[3, 1, 6, 1, 0],[0, 1, 2, 3, 6],[2, 0, 2, 2, 0],[1, 0]
18,3,[2, 1],[0, 1],[2, 2],[0, 0]
19,0,[0, 4, 7, 4, 5, 3],[0, 1, 2, 3, 4, 5],[2, 1, 2, 2, 1, 0],[0, 1]
19,1,[1, 4, 7, 4, 5, 2],[0, 1, 2, 3, 4, 5],[2, 1, 2, 2, 1, 0],[0, 1]
19,2,[3, 0],[0, 1],[2, 2],[0, 0]
19,3,[2, 1],[0, 1],[2, 2],[0, 0]
