42	1	165	744	1
42	2	884	206	1
42	3	929	594	0
42	4	208	507	1
42	5	351	279	1
42	6	8	841	1
42	7	763	513	0
42	8	876	59	1
42	9	576	507	1
42	10	416	262	1
42	11	247	437	1
42	12	494	365	0
42	13	305	509	1
42	14	71	815	1
42	15	733	631	1
42	16	360	632	1
42	17	305	162	1
42	18	733	162	1
42	19	556	440	1
42	20	394	327	1
42	21	622	244	1
42	22	409	552	1
42	23	576	739	1
42	24	106	25	1
42	25	665	291	1
42	26	670	792	1
42	27	927	168	0
42	28	833	759	1
42	29	149	563	1
42	30	521	720	1
42	31	52	353	0
42	32	908	261	0
42	33	226	135	1
42	34	790	531	1
42	35	215	833	1
42	36	853	773	0
42	37	117	841	1
42	38	861	102	1
42	39	663	233	1
42	40	391	855	1
42	41	653	606	1
42	42	851	373	1
42	43	306	508	1
42	44	485	842	1
42	45	109	259	1
42	46	400	608	1
42	47	441	136	1
42	48	117	47	0
42	49	406	22	1
42	50	618	883	1
42	51	542	375	1
42	52	643	404	1
42	53	642	131	1
42	54	93	791	1
42	55	308	882	1
42	56	641	719	1
42	57	651	333	1
42	58	255	46	1
42	59	794	788	1
42	60	128	665	1
42	61	89	793	1
42	62	723	542	0
42	63	187	411	1
42	64	789	334	1
42	65	300	101	1
42	66	246	610	1
42	67	447	112	1
42	68	112	459	1
42	69	201	764	1
42	70	194	208	1
42	71	485	463	1
42	72	533	500	1
42	73	463	80	1
42	74	275	492	1
42	75	442	87	1
42	76	859	470	1
42	77	732	606	1
42	78	589	774	1
42	79	183	665	1
42	80	609	587	1
42	81	202	237	1
42	82	617	640	1
42	83	588	637	1
42	84	154	711	1
42	85	766	93	1
42	86	31	380	1
42	87	691	272	1
42	88	790	631	1
42	89	639	928	0
42	90	629	851	1
42	91	133	712	1
42	92	898	171	1
42	93	234	426	1
42	94	634	657	1
42	95	369	397	1
42	96	91	168	1
42	97	94	495	1
42	98	777	49	1
42	99	561	454	1
42	100	178	801	1
42	101	182	404	1
42	102	905	508	1
42	103	111	496	1
42	104	169	871	1
42	105	491	750	1
42	106	51	12	1
42	107	439	305	0
42	108	555	474	1
42	109	277	139	1
42	110	368	490	0
42	111	584	610	1
42	112	682	392	1
42	113	722	781	1
42	114	779	146	1
42	115	831	131	1
42	116	470	90	1
42	117	97	205	1
42	118	882	138	1
42	119	269	16	1
42	120	906	394	1
42	121	203	761	1
42	122	160	335	1
42	123	222	82	1
42	124	175	263	1
42	125	871	393	1
42	126	15	342	1
42	127	840	71	1
42	128	240	1	1
42	129	103	19	1
42	130	80	158	1
42	131	465	389	1
42	132	344	545	0
42	133	361	359	1
42	134	915	25	1
42	135	851	715	1
42	136	819	792	1
42	137	565	885	1
42	138	206	800	1
42	139	105	852	1
42	140	388	211	1
42	141	900	895	1
42	142	319	798	1
42	143	310	907	1
42	144	129	695	1
42	145	239	440	1
42	146	805	729	1
42	147	246	361	1
42	148	521	678	1
42	149	549	443	0
42	150	648	853	1
42	151	379	72	1
42	152	154	12	1
42	153	449	300	1
42	154	870	821	1
42	155	75	123	1
42	156	274	224	1
42	157	124	431	1
42	158	796	368	1
42	159	236	224	1
42	160	88	298	1
42	161	52	212	1
42	162	51	893	0
42	163	9	920	1
42	164	72	873	1
42	165	874	575	1
42	166	281	286	1
42	167	925	603	1
42	168	680	323	1
42	169	388	85	1
42	170	236	925	0
42	171	122	251	0
42	172	136	760	1
42	173	814	558	1
42	174	69	306	0
42	175	55	637	1
42	176	916	814	1
42	177	155	284	1
42	178	497	887	1
42	179	914	848	0
42	180	127	364	1
42	181	167	552	1
42	182	527	821	1
42	183	60	374	1
42	184	607	169	1
42	185	520	247	0
42	186	268	190	1
42	187	64	383	0
42	188	716	245	1
42	189	867	265	1
42	190	630	399	1
42	191	448	789	1
42	192	422	697	1
42	193	503	358	1
42	194	206	1	1
42	195	352	140	1
42	196	502	496	1
42	197	526	340	1
42	198	151	657	1
42	199	544	195	1
42	200	72	636	1
42	201	373	200	1
42	202	450	197	1
42	203	694	793	1
42	204	304	588	0
42	205	729	108	1
42	206	758	535	1
42	207	700	335	1
42	208	909	521	1
42	209	423	108	1
42	210	398	716	1
42	211	619	544	1
42	212	574	461	1
42	213	26	299	1
42	214	452	524	1
42	215	206	512	1
42	216	404	669	0
42	217	270	293	1
42	218	890	931	1
42	219	386	582	0
42	220	3	734	1
42	221	31	871	1
42	222	403	622	1
42	223	220	825	1
42	224	419	490	1
42	225	322	836	1
42	226	891	740	1
42	227	481	571	1
42	228	740	458	1
42	229	844	229	1
42	230	239	928	0
42	231	450	168	1
42	232	740	468	1
42	233	101	791	1
42	234	837	844	1
42	235	756	261	1
42	236	691	99	1
42	237	270	143	1
42	238	267	488	1
42	239	429	1	1
42	240	162	622	1
42	241	742	162	1
42	242	473	371	1
42	243	765	212	1
42	244	268	226	1
42	245	911	155	1
42	246	169	46	1
42	247	865	745	1
42	248	209	572	0
42	249	500	73	1
42	250	866	370	0
42	251	146	226	1
42	252	723	80	1
42	253	167	889	1
42	254	437	157	1
42	255	41	679	1
42	256	245	755	1
42	257	607	474	1
42	258	608	345	1
42	259	161	135	1
42	260	12	931	1
42	261	686	180	1
42	262	775	244	1
42	263	841	300	1
42	264	704	492	1
42	265	180	98	1
42	266	831	842	1
42	267	911	799	1
42	268	853	700	1
42	269	507	570	1
42	270	830	248	1
42	271	92	706	1
42	272	693	352	1
42	273	604	494	1
42	274	559	878	1
42	275	163	692	1
42	276	587	627	1
42	277	297	651	1
42	278	453	371	1
42	279	21	550	1
42	280	216	46	1
42	281	191	258	1
42	282	668	707	1
42	283	228	897	1
42	284	110	143	1
42	285	867	329	1
42	286	255	84	1
42	287	460	503	1
42	288	88	100	1
42	289	577	757	1
42	290	727	620	1
42	291	694	366	1
42	292	336	843	1
42	293	233	258	1
42	294	524	149	1
42	295	626	350	1
42	296	702	357	1
42	297	170	646	1
42	298	263	140	1
42	299	932	9	1
42	300	15	707	1
42	301	598	432	1
42	302	18	281	1
42	303	572	564	1
42	304	167	381	0
42	305	424	592	1
42	306	924	600	1
42	307	393	629	1
42	308	531	611	1
42	309	120	891	1
42	310	23	392	1
42	311	150	157	1
42	312	467	888	1
42	313	422	441	1
42	314	131	497	1
42	315	318	228	1
42	316	426	738	1
42	317	134	49	1
42	318	772	823	1
42	319	712	425	1
42	320	206	807	1
42	321	926	152	1
42	322	347	825	1
42	323	737	570	1
42	324	454	872	1
42	325	585	641	1
42	326	543	788	0
42	327	650	387	1
42	328	439	635	1
42	329	103	779	1
42	330	749	849	1
42	331	259	525	1
42	332	857	712	1
42	333	295	498	1
42	334	932	441	0
42	335	292	383	0
42	336	12	530	1
42	337	116	715	1
42	338	362	152	1
42	339	16	626	1
42	340	384	523	0
42	341	103	928	0
42	342	442	334	1
42	343	367	648	1
42	344	216	581	1
42	345	175	572	1
42	346	448	163	1
42	347	490	698	1
42	348	882	204	1
42	349	510	376	0
42	350	28	547	1
42	351	401	394	1
42	352	687	305	1
42	353	678	136	1
42	354	502	82	1
42	355	212	376	1
42	356	187	16	1
42	357	554	170	1
42	358	153	480	1
42	359	777	681	1
42	360	379	572	1
42	361	285	461	1
42	362	61	257	1
42	363	869	339	1
42	364	710	114	1
42	365	693	618	1
42	366	676	85	1
42	367	312	743	0
42	368	387	595	1
42	369	225	26	1
42	370	186	770	1
42	371	678	519	0
42	372	128	893	1
42	373	146	167	1
42	374	700	283	1
42	375	642	504	1
42	376	79	457	1
42	377	66	706	1
42	378	363	920	0
42	379	162	522	1
42	380	402	686	1
42	381	714	825	1
42	382	718	441	1
42	383	297	324	1
42	384	753	812	1
42	385	262	896	1
42	386	684	355	1
42	387	598	927	0
42	388	668	738	0
42	389	160	9	1
42	390	699	313	1
42	391	380	834	1
42	392	268	212	1
42	393	548	167	1
42	394	915	570	1
42	395	185	686	1
42	396	173	539	1
42	397	812	747	1
42	398	904	301	1
42	399	357	928	0
42	400	829	97	1
42	401	690	451	1
42	402	25	542	1
42	403	138	246	1
42	404	572	726	1
42	405	13	788	1
42	406	322	271	1
42	407	749	595	1
42	408	81	502	1
42	409	44	128	1
42	410	763	623	1
42	411	441	476	1
42	412	160	333	1
42	413	872	245	1
42	414	429	492	1
42	415	224	81	1
42	416	929	511	0
42	417	776	3	1
42	418	280	46	1
42	419	200	81	1
42	420	709	523	1
42	421	649	572	1
42	422	227	512	1
42	423	890	256	1
42	424	264	90	1
42	425	495	169	1
42	426	386	479	0
42	427	411	22	1
42	428	625	548	1
42	429	624	673	1
42	430	547	630	1
42	431	328	541	1
42	432	334	167	1
42	433	302	7	1
42	434	134	539	1
42	435	177	135	1
42	436	576	673	1
42	437	310	382	0
42	438	179	437	1
42	439	687	222	1
42	440	794	433	1
42	441	582	876	1
42	442	216	11	1
42	443	283	558	0
42	444	277	200	1
42	445	764	161	1
42	446	481	664	1
42	447	766	531	1
42	448	9	799	1
42	449	205	738	1
42	450	612	604	1
42	451	355	925	1
42	452	112	196	1
42	453	281	173	1
42	454	476	401	1
42	455	461	681	1
42	456	857	825	1
42	457	511	504	1
42	458	821	217	1
42	459	252	511	1
42	460	545	265	1
42	461	381	682	0
42	462	263	616	1
42	463	57	541	1
42	464	799	260	1
42	465	875	355	1
42	466	769	152	1
42	467	256	646	1
42	468	910	392	1
42	469	572	782	1
42	470	270	427	1
42	471	118	836	1
42	472	815	900	1
42	473	776	640	1
42	474	130	280	1
42	475	530	380	1
42	476	850	367	1
42	477	930	0	0
42	478	271	60	1
42	479	230	38	1
42	480	653	471	1
42	481	329	817	1
42	482	456	253	1
42	483	509	879	1
42	484	364	465	1
42	485	722	575	1
42	486	626	777	1
42	487	476	602	1
42	488	822	899	1
42	489	818	212	1
42	490	171	384	0
42	491	769	530	1
42	492	666	269	1
42	493	881	897	0
42	494	598	553	1
42	495	698	365	1
42	496	859	854	1
42	497	534	272	1
42	498	865	853	1
42	499	736	581	1
42	500	594	757	1
