linkId	fromNode	toNode	Time	Electricity
1	1	547	1	1	
2	2	548	1	1	
3	3	549	1	1	
4	4	550	1	1	
5	5	551	1	1	
6	6	552	1	1	
7	7	553	1	1	
8	8	554	1	1	
9	9	555	1	1	
10	10	556	1	1	
11	11	557	1	1	
12	12	558	1	1	
13	13	559	1	1	
14	14	560	1	1	
15	15	561	1	1	
16	16	562	1	1	
17	17	563	1	1	
18	18	564	1	1	
19	19	565	1	1	
20	20	566	1	1	
21	21	567	1	1	
22	22	568	1	1	
23	23	569	1	1	
24	24	570	1	1	
25	25	571	1	1	
26	26	572	1	1	
27	27	573	1	1	
28	28	574	1	1	
29	29	575	1	1	
30	30	576	1	1	
31	31	577	1	1	
32	32	578	1	1	
33	33	579	1	1	
34	34	580	1	1	
35	35	581	1	1	
36	36	582	1	1	
37	37	583	1	1	
38	38	584	1	1	
39	39	585	1	1	
40	40	586	1	1	
41	41	587	1	1	
42	42	588	1	1	
43	43	589	1	1	
44	44	590	1	1	
45	45	591	1	1	
46	46	592	1	1	
47	47	593	1	1	
48	48	594	1	1	
49	49	595	1	1	
50	50	596	1	1	
51	51	597	1	1	
52	52	598	1	1	
53	53	599	1	1	
54	54	600	1	1	
55	55	601	1	1	
56	56	602	1	1	
57	57	603	1	1	
58	58	604	1	1	
59	59	605	1	1	
60	60	606	1	1	
61	61	607	1	1	
62	62	608	1	1	
63	63	609	1	1	
64	64	610	1	1	
65	65	611	1	1	
66	66	612	1	1	
67	67	613	1	1	
68	68	614	1	1	
69	69	615	1	1	
70	70	616	1	1	
71	71	617	1	1	
72	72	618	1	1	
73	73	619	1	1	
74	74	620	1	1	
75	75	621	1	1	
76	76	622	1	1	
76	77	623	1	1	
76	78	624	1	1	
76	79	625	1	1	
76	80	626	1	1	
76	81	627	1	1	
76	82	628	1	1	
76	83	629	1	1	
76	84	630	1	1	
76	85	631	1	1	
76	86	632	1	1	
76	87	633	1	1	
76	88	634	1	1	
76	89	635	1	1	
76	90	636	1	1	
76	91	637	1	1	
76	92	638	1	1	
76	93	639	1	1	
76	94	640	1	1	
76	95	641	1	1	
76	96	642	1	1	
76	97	643	1	1	
76	98	644	1	1	
76	99	645	1	1	
76	100	646	1	1	
76	101	647	1	1	
76	102	648	1	1	
76	103	649	1	1	
76	104	650	1	1	
76	105	651	1	1	
76	106	652	1	1	
76	107	653	1	1	
76	108	654	1	1	
76	109	655	1	1	
76	110	656	1	1	
76	111	657	1	1	
76	112	658	1	1	
76	113	659	1	1	
76	114	660	1	1	
76	115	661	1	1	
76	116	662	1	1	
76	117	663	1	1	
76	118	664	1	1	
76	119	665	1	1	
76	120	666	1	1	
76	121	667	1	1	
76	122	668	1	1	
76	123	669	1	1	
76	124	670	1	1	
76	125	671	1	1	
76	126	672	1	1	
76	127	673	1	1	
76	128	674	1	1	
76	129	675	1	1	
76	130	676	1	1	
76	131	677	1	1	
76	132	678	1	1	
76	133	679	1	1	
76	134	680	1	1	
76	135	681	1	1	
76	136	682	1	1	
76	137	683	1	1	
76	138	684	1	1	
76	139	685	1	1	
76	140	686	1	1	
76	141	687	1	1	
76	142	688	1	1	
76	143	689	1	1	
76	144	690	1	1	
76	145	691	1	1	
76	146	692	1	1	
76	147	693	1	1	
76	148	694	1	1	
76	149	695	1	1	
76	150	696	1	1	
76	151	697	1	1	
76	152	698	1	1	
76	153	699	1	1	
76	154	700	1	1	
76	155	701	1	1	
76	156	702	1	1	
76	157	703	1	1	
76	158	704	1	1	
76	159	705	1	1	
76	160	706	1	1	
76	161	707	1	1	
76	162	708	1	1	
76	163	709	1	1	
76	164	710	1	1	
76	165	711	1	1	
76	166	712	1	1	
76	167	713	1	1	
76	168	714	1	1	
76	169	715	1	1	
76	170	716	1	1	
76	171	717	1	1	
76	172	718	1	1	
76	173	719	1	1	
76	174	720	1	1	
76	175	721	1	1	
76	176	722	1	1	
76	177	723	1	1	
76	178	724	1	1	
76	179	725	1	1	
76	180	726	1	1	
76	181	727	1	1	
76	182	728	1	1	
76	183	729	1	1	
76	184	730	1	1	
76	185	731	1	1	
76	186	732	1	1	
76	187	733	1	1	
76	188	734	1	1	
76	189	735	1	1	
76	190	736	1	1	
76	191	737	1	1	
76	192	738	1	1	
76	193	739	1	1	
76	194	740	1	1	
76	195	741	1	1	
76	196	742	1	1	
76	197	743	1	1	
76	198	744	1	1	
76	199	745	1	1	
76	200	746	1	1	
76	201	747	1	1	
76	202	748	1	1	
76	203	749	1	1	
76	204	750	1	1	
76	205	751	1	1	
76	206	752	1	1	
76	207	753	1	1	
76	208	754	1	1	
76	209	755	1	1	
76	210	756	1	1	
76	211	757	1	1	
76	212	758	1	1	
76	213	759	1	1	
76	214	760	1	1	
76	215	761	1	1	
76	216	762	1	1	
76	217	763	1	1	
76	218	764	1	1	
76	219	765	1	1	
76	220	766	1	1	
76	221	767	1	1	
76	222	768	1	1	
76	223	769	1	1	
76	224	770	1	1	
76	225	771	1	1	
76	226	772	1	1	
76	227	773	1	1	
76	228	774	1	1	
76	229	775	1	1	
76	230	776	1	1	
76	231	777	1	1	
76	232	778	1	1	
76	233	779	1	1	
76	234	780	1	1	
76	235	781	1	1	
76	236	782	1	1	
76	237	783	1	1	
76	238	784	1	1	
76	239	785	1	1	
76	240	786	1	1	
76	241	787	1	1	
76	242	788	1	1	
76	243	789	1	1	
76	244	790	1	1	
76	245	791	1	1	
76	246	792	1	1	
76	247	793	1	1	
76	248	794	1	1	
76	249	795	1	1	
76	250	796	1	1	
76	251	797	1	1	
76	252	798	1	1	
76	253	799	1	1	
76	254	800	1	1	
76	255	801	1	1	
76	256	802	1	1	
76	257	803	1	1	
76	258	804	1	1	
76	259	805	1	1	
76	260	806	1	1	
76	261	807	1	1	
76	262	808	1	1	
76	263	809	1	1	
76	264	810	1	1	
76	265	811	1	1	
76	266	812	1	1	
76	267	813	1	1	
76	268	814	1	1	
76	269	815	1	1	
76	270	816	1	1	
76	271	817	1	1	
76	272	818	1	1	
76	273	819	1	1	
76	274	820	1	1	
76	275	821	1	1	
76	276	822	1	1	
76	277	823	1	1	
76	278	824	1	1	
76	279	825	1	1	
76	280	826	1	1	
76	281	827	1	1	
76	282	828	1	1	
76	283	829	1	1	
76	284	830	1	1	
76	285	831	1	1	
76	286	832	1	1	
76	287	833	1	1	
76	288	834	1	1	
76	289	835	1	1	
76	290	836	1	1	
76	291	837	1	1	
76	292	838	1	1	
76	293	839	1	1	
76	294	840	1	1	
76	295	841	1	1	
76	296	842	1	1	
76	297	843	1	1	
76	298	844	1	1	
76	299	845	1	1	
76	300	846	1	1	
76	301	847	1	1	
76	302	848	1	1	
76	303	849	1	1	
76	304	850	1	1	
76	305	851	1	1	
76	306	852	1	1	
76	307	853	1	1	
76	308	854	1	1	
76	309	855	1	1	
76	310	856	1	1	
76	311	857	1	1	
76	312	858	1	1	
76	313	859	1	1	
76	314	860	1	1	
76	315	861	1	1	
76	316	862	1	1	
76	317	863	1	1	
76	318	864	1	1	
76	319	865	1	1	
76	320	866	1	1	
76	321	867	1	1	
76	322	868	1	1	
76	323	869	1	1	
76	324	870	1	1	
76	325	871	1	1	
76	326	872	1	1	
76	327	873	1	1	
76	328	874	1	1	
76	329	875	1	1	
76	330	876	1	1	
76	331	877	1	1	
76	332	878	1	1	
76	333	879	1	1	
76	334	880	1	1	
76	335	881	1	1	
76	336	882	1	1	
76	337	883	1	1	
76	338	884	1	1	
76	339	885	1	1	
76	340	886	1	1	
76	341	887	1	1	
76	342	888	1	1	
76	343	889	1	1	
76	344	890	1	1	
76	345	891	1	1	
76	346	892	1	1	
76	347	893	1	1	
76	348	894	1	1	
76	349	895	1	1	
76	350	896	1	1	
76	351	897	1	1	
76	352	898	1	1	
76	353	899	1	1	
76	354	900	1	1	
76	355	901	1	1	
76	356	902	1	1	
76	357	903	1	1	
76	358	904	1	1	
76	359	905	1	1	
76	360	906	1	1	
76	361	907	1	1	
76	362	908	1	1	
76	363	909	1	1	
76	364	910	1	1	
76	365	911	1	1	
76	366	912	1	1	
76	367	913	1	1	
76	368	914	1	1	
76	369	915	1	1	
76	370	916	1	1	
76	371	917	1	1	
76	372	918	1	1	
76	373	919	1	1	
76	374	920	1	1	
76	375	921	1	1	
76	376	922	1	1	
76	377	923	1	1	
76	378	924	1	1	
76	379	925	1	1	
76	380	926	1	1	
76	381	927	1	1	
76	382	928	1	1	
76	383	929	1	1	
76	384	930	1	1	
76	385	931	1	1	
76	386	932	1	1	
76	387	933	1	1	
76	388	390	13	8	
76	388	391	7	5	
76	388	708	2	1	
76	388	802	5	2	
76	389	390	5	2	
76	389	801	8	4	
76	389	914	4	2	
76	390	388	13	7	
76	390	389	5	2	
76	390	925	8	4	
76	391	388	7	5	
76	391	392	5	3	
76	391	709	2	1	
76	391	715	5	3	
76	392	391	5	2	
76	392	393	3	3	
76	392	713	2	1	
76	392	717	2	1	
76	393	392	3	2	
76	393	394	4	2	
76	393	712	3	2	
76	393	716	1	1	
76	394	393	4	2	
76	394	395	3	2	
76	394	584	5	3	
76	394	601	1	1	
76	395	394	3	2	
76	395	396	4	3	
76	395	584	4	3	
76	395	600	1	1	
76	396	395	4	2	
76	396	397	2	2	
76	397	396	2	1	
76	397	398	3	1	
76	397	588	3	2	
76	397	604	2	1	
76	398	397	3	1	
76	398	399	1	1	
76	398	400	2	2	
76	398	403	3	2	
76	399	398	1	1	
76	399	537	4	3	
76	399	604	2	2	
76	399	609	2	1	
76	400	398	2	2	
76	400	401	4	3	
76	400	587	2	1	
76	400	609	3	2	
76	401	400	4	2	
76	401	402	2	2	
76	401	585	2	1	
76	401	590	3	2	
76	402	401	2	1	
76	403	398	3	2	
76	403	404	4	2	
76	403	606	2	1	
76	403	611	2	1	
76	404	403	4	3	
76	404	405	1	1	
76	404	675	2	2	
76	404	680	2	1	
76	405	404	1	1	
76	405	406	3	2	
76	405	488	1	1	
76	406	405	3	2	
76	406	407	4	3	
76	406	677	1	1	
76	406	682	3	2	
76	407	406	4	2	
76	407	408	3	3	
76	407	687	1	1	
76	407	692	3	2	
76	408	407	3	2	
76	408	409	2	1	
76	408	689	2	1	
76	408	694	3	2	
76	409	408	2	1	
76	409	410	4	2	
76	409	538	2	2	
76	409	539	3	1	
76	410	409	4	3	
76	410	411	3	2	
76	410	690	3	2	
76	410	700	1	1	
76	411	410	3	2	
76	411	412	3	2	
76	411	685	3	2	
76	411	695	1	1	
76	412	411	3	1	
76	412	413	3	2	
76	413	412	3	1	
76	413	414	3	2	
76	413	730	4	2	
76	413	734	1	1	
76	414	413	3	2	
76	414	415	5	2	
76	414	731	4	3	
76	414	735	1	1	
76	415	414	5	4	
76	415	416	7	5	
76	415	727	5	4	
76	415	733	2	1	
76	416	415	7	5	
76	416	417	6	4	
76	416	726	3	1	
76	416	732	4	4	
76	417	416	6	5	
76	417	732	9	5	
76	417	913	4	3	
76	417	926	7	5	
76	418	419	6	5	
76	418	921	3	2	
76	418	922	5	3	
76	418	923	11	5	
76	419	418	6	4	
76	419	420	5	4	
76	419	739	4	2	
76	419	743	2	1	
76	420	419	5	2	
76	420	421	3	2	
76	420	751	3	2	
76	420	752	1	1	
76	421	420	3	1	
76	421	422	4	2	
76	421	753	2	1	
76	421	754	2	1	
76	422	421	4	2	
76	422	423	3	2	
76	422	762	1	1	
76	422	766	4	2	
76	423	422	3	2	
76	423	424	4	2	
76	423	764	1	1	
76	423	767	4	2	
76	424	423	4	3	
76	424	425	4	2	
76	424	773	1	1	
76	424	777	4	3	
76	425	424	4	2	
76	425	426	2	1	
76	425	775	2	1	
76	425	779	2	2	
76	426	425	2	2	
76	426	427	1	1	
76	426	441	5	2	
76	427	426	1	1	
76	427	428	4	2	
76	427	594	1	1	
76	427	779	3	2	
76	428	427	4	2	
76	428	429	1	1	
76	428	431	1	1	
76	429	428	1	1	
76	429	430	1	1	
76	429	593	2	1	
76	429	778	3	2	
76	430	429	1	1	
76	431	428	1	1	
76	431	432	4	2	
76	431	593	1	1	
76	431	597	3	2	
76	432	431	4	3	
76	432	433	3	2	
76	432	595	2	1	
76	432	599	2	1	
76	433	432	3	1	
76	433	434	3	1	
76	433	616	3	2	
76	433	617	1	1	
76	434	433	3	2	
76	434	435	3	2	
76	434	618	4	3	
76	434	619	1	1	
76	435	434	3	2	
76	435	436	2	2	
76	435	552	2	1	
76	435	554	2	2	
76	436	435	2	2	
76	436	437	3	1	
76	436	496	1	1	
76	437	436	3	2	
76	437	438	4	3	
76	437	554	2	1	
76	437	556	4	2	
76	438	437	4	2	
76	438	439	3	2	
76	438	535	8	4	
76	438	536	2	2	
76	438	540	2	1	
76	439	438	3	1	
76	439	440	3	2	
76	439	614	3	2	
76	439	615	1	1	
76	440	439	3	2	
76	440	441	3	2	
76	440	612	3	2	
76	440	613	1	1	
76	441	426	5	4	
76	441	440	3	2	
76	441	591	2	1	
76	441	596	2	2	
76	442	443	4	2	
76	442	898	7	5	
76	442	899	2	2	
76	442	929	33	23	
76	443	442	4	2	
76	443	444	5	3	
76	443	897	2	1	
76	443	898	4	3	
76	444	443	5	4	
76	444	445	6	4	
76	445	444	6	3	
76	445	446	7	4	
76	445	885	5	3	
76	445	886	2	1	
76	446	445	7	6	
76	446	447	7	5	
76	446	858	2	1	
76	446	859	5	3	
76	447	446	7	5	
76	447	448	5	3	
76	447	848	4	2	
76	447	849	3	2	
76	448	447	5	3	
76	448	449	3	3	
76	448	664	3	2	
76	448	665	1	1	
76	449	448	3	2	
76	449	450	2	2	
76	449	662	3	3	
76	449	663	1	1	
76	450	449	2	1	
76	450	451	2	2	
76	450	453	5	2	
76	450	508	4	2	
76	451	450	2	1	
76	451	452	3	2	
76	451	654	3	2	
76	451	655	2	1	
76	452	451	3	2	
76	452	525	3	2	
76	452	652	3	2	
76	452	654	2	1	
76	453	450	5	4	
76	453	454	10	8	
76	453	650	3	2	
76	453	841	1	1	
76	454	453	10	6	
76	454	455	3	2	
76	454	838	2	2	
76	454	840	2	1	
76	455	454	3	3	
76	455	456	3	2	
76	455	833	3	2	
76	455	835	2	1	
76	456	455	3	3	
76	456	457	4	2	
76	456	834	2	2	
76	456	836	2	1	
76	457	456	4	2	
76	457	458	2	1	
76	457	829	4	2	
76	457	831	1	1	
76	458	457	2	1	
76	458	459	2	1	
76	458	467	6	5	
76	458	468	4	2	
76	459	458	2	1	
76	459	460	6	4	
76	459	832	2	1	
76	459	845	4	2	
76	460	459	6	4	
76	460	461	7	4	
76	460	872	5	2	
76	460	875	2	1	
76	461	460	7	4	
76	461	462	6	4	
76	461	874	3	1	
76	461	877	4	3	
76	462	461	6	5	
76	462	873	4	2	
76	462	876	3	2	
76	462	927	8	5	
76	463	464	5	2	
76	463	928	17	9	
76	464	463	5	2	
76	464	465	8	5	
76	464	883	3	3	
76	464	884	4	3	
76	465	464	8	7	
76	465	466	7	2	
76	465	862	5	4	
76	465	881	2	2	
76	466	465	7	3	
76	466	467	6	3	
76	466	855	3	2	
76	466	862	4	2	
76	467	458	6	4	
76	467	466	6	4	
76	467	845	3	1	
76	467	855	4	3	
76	468	458	4	2	
76	468	469	4	2	
76	468	829	2	2	
76	468	830	2	1	
76	469	468	4	3	
76	469	470	3	3	
76	469	819	1	1	
76	469	824	4	3	
76	470	469	3	2	
76	470	471	5	4	
76	470	817	1	1	
76	470	822	4	2	
76	471	470	5	2	
76	471	472	4	2	
76	471	815	4	2	
76	471	816	1	1	
76	472	471	4	3	
76	472	473	2	1	
76	472	813	2	2	
76	472	815	2	1	
76	473	472	2	1	
76	473	474	3	3	
76	473	475	3	2	
76	473	707	4	3	
76	473	813	1	1	
76	474	473	3	2	
76	474	538	3	2	
76	474	701	1	1	
76	474	706	3	2	
76	475	473	3	2	
76	475	476	2	1	
76	475	706	3	2	
76	475	707	2	1	
76	476	475	2	1	
76	476	477	4	3	
76	476	705	3	2	
76	476	707	2	1	
76	477	476	4	2	
76	477	478	3	2	
76	477	503	1	1	
76	477	504	1	1	
76	478	477	3	2	
76	478	479	4	2	
76	478	633	2	2	
76	478	703	2	1	
76	479	478	4	2	
76	479	480	2	1	
76	479	629	3	2	
76	479	693	1	1	
76	480	479	2	1	
76	480	481	2	1	
76	480	483	2	1	
76	480	484	2	1	
76	480	486	2	1	
76	481	480	2	1	
76	481	482	1	1	
76	481	483	2	1	
76	481	691	3	2	
76	482	481	1	1	
76	483	480	2	1	
76	483	481	2	1	
76	483	539	4	3	
76	483	693	1	1	
76	484	480	2	2	
76	484	485	3	2	
76	484	627	2	2	
76	484	629	2	1	
76	485	484	3	2	
76	485	489	3	2	
76	485	626	2	1	
76	485	628	2	1	
76	486	480	2	2	
76	486	535	1	1	
76	486	627	3	2	
76	486	691	2	1	
76	487	488	3	2	
76	487	535	4	3	
76	487	681	2	2	
76	487	682	2	1	
76	488	405	1	1	
76	488	487	3	2	
76	488	680	3	1	
76	488	682	2	1	
76	489	485	3	2	
76	489	490	1	1	
76	489	630	2	1	
76	489	631	2	1	
76	490	489	1	1	
76	490	491	3	2	
76	490	557	3	2	
76	490	631	2	1	
76	491	490	3	2	
76	491	492	3	1	
76	491	558	3	2	
76	491	559	1	1	
76	492	491	3	2	
76	492	493	1	1	
76	492	561	3	1	
76	492	562	1	1	
76	493	492	1	1	
76	493	494	2	1	
76	493	497	2	1	
76	493	562	1	1	
76	493	564	2	1	
76	494	493	2	1	
76	494	495	3	2	
76	494	561	1	1	
76	494	563	3	2	
76	495	494	3	2	
76	495	496	3	2	
76	495	551	4	3	
76	495	560	1	1	
76	496	436	1	1	
76	496	495	3	2	
76	496	553	2	1	
76	496	556	1	1	
76	497	493	2	1	
76	497	498	1	1	
76	498	497	1	1	
76	498	499	2	1	
76	498	533	2	1	
76	499	498	2	1	
76	499	500	3	2	
76	499	567	2	1	
76	499	569	2	1	
76	500	499	3	2	
76	500	501	4	3	
76	500	566	2	1	
76	500	570	1	1	
76	501	500	4	3	
76	501	502	4	2	
76	501	571	2	1	
76	501	636	2	1	
76	502	501	4	3	
76	502	503	4	3	
76	502	632	2	1	
76	502	634	2	1	
76	503	477	1	1	
76	503	502	4	3	
76	503	504	1	1	
76	503	633	4	2	
76	504	477	1	1	
76	504	503	1	1	
76	504	505	4	2	
76	504	635	1	1	
76	505	504	4	2	
76	505	506	3	2	
76	505	634	2	2	
76	505	639	2	2	
76	506	505	3	2	
76	506	507	4	3	
76	506	639	1	1	
76	506	644	3	2	
76	507	506	4	3	
76	507	508	8	3	
76	507	578	6	2	
76	507	646	1	1	
76	508	450	4	3	
76	508	507	8	6	
76	508	509	2	1	
76	509	508	2	2	
76	509	510	3	3	
76	509	659	2	1	
76	509	667	3	2	
76	510	509	3	2	
76	510	511	1	1	
76	510	658	2	1	
76	510	666	3	2	
76	511	510	1	1	
76	511	512	3	1	
76	511	521	3	2	
76	511	522	5	3	
76	512	511	3	1	
76	512	513	4	3	
76	512	661	2	1	
76	512	670	4	2	
76	513	512	4	2	
76	513	514	5	4	
76	513	902	4	3	
76	513	905	6	3	
76	514	513	5	4	
76	514	515	5	3	
76	514	903	3	2	
76	514	905	7	3	
76	515	514	5	3	
76	515	516	6	2	
76	515	534	2	1	
76	515	544	1	1	
76	515	932	11	6	
76	516	515	6	2	
76	516	517	7	3	
76	516	903	8	6	
76	516	906	2	1	
76	517	516	7	4	
76	517	518	8	5	
76	517	908	2	1	
76	517	909	5	4	
76	518	517	8	4	
76	518	911	4	2	
76	518	912	3	1	
76	518	930	39	26	
76	519	520	1	1	
76	519	521	3	2	
76	519	668	1	1	
76	519	670	4	2	
76	520	519	1	1	
76	521	511	3	2	
76	521	519	3	2	
76	521	666	1	1	
76	521	670	3	2	
76	522	511	5	3	
76	522	523	6	4	
76	523	522	6	5	
76	523	530	3	2	
76	523	545	1	1	
76	524	525	3	3	
76	524	545	4	2	
76	524	578	3	2	
76	524	647	1	1	
76	525	452	3	2	
76	525	524	3	2	
76	525	652	2	1	
76	525	657	3	1	
76	526	527	6	5	
76	526	528	9	5	
76	526	541	1	1	
76	526	546	3	2	
76	527	526	6	4	
76	527	542	1	1	
76	527	543	4	2	
76	527	546	4	1	
76	528	526	9	5	
76	528	529	2	1	
76	528	573	3	1	
76	528	575	2	1	
76	529	528	2	1	
76	529	530	2	1	
76	529	531	2	1	
76	530	523	3	2	
76	530	529	2	2	
76	530	575	3	2	
76	530	577	1	1	
76	531	529	2	1	
76	531	532	2	1	
76	531	573	1	1	
76	531	574	3	2	
76	532	531	2	1	
76	532	533	2	1	
76	532	569	2	1	
76	532	574	2	2	
76	533	498	2	1	
76	533	532	2	1	
76	533	568	2	1	
76	533	569	1	1	
76	534	515	2	1	
76	534	543	3	2	
76	534	933	7	4	
76	535	438	8	4	
76	535	486	1	1	
76	535	487	4	3	
76	536	438	2	1	
76	536	537	3	3	
76	536	615	2	1	
76	537	399	4	4	
76	537	536	3	2	
76	537	608	3	2	
76	537	610	1	1	
76	538	409	2	1	
76	538	474	3	2	
76	538	699	1	1	
76	538	704	4	2	
76	539	409	3	2	
76	539	483	4	3	
76	539	694	2	1	
76	539	704	3	1	
76	540	438	2	2	
76	540	583	1	1	
76	540	622	3	1	
76	541	526	1	1	
76	541	582	3	1	
76	541	902	4	3	
76	542	527	1	1	
76	542	902	3	1	
76	542	903	5	3	
76	543	527	4	2	
76	543	534	3	3	
76	543	903	1	1	
76	544	515	1	1	
76	544	903	4	3	
76	544	904	3	1	
76	545	523	1	1	
76	545	524	4	2	
76	545	577	2	2	
76	545	580	2	1	
76	546	526	3	1	
76	546	527	4	2	
76	547	1	1	1	
76	547	548	2	1	
76	547	549	3	2	
76	547	621	2	1	
76	548	2	1	1	
76	548	547	2	1	
76	548	550	3	2	
76	548	552	3	2	
76	548	618	2	2	
76	549	3	1	1	
76	549	547	3	1	
76	549	550	2	1	
76	549	551	4	2	
76	550	4	1	1	
76	550	548	3	2	
76	550	549	2	2	
76	550	551	3	2	
76	550	552	4	2	
76	550	553	2	2	
76	550	560	3	2	
76	551	5	1	1	
76	551	495	4	2	
76	551	549	4	2	
76	551	550	3	1	
76	551	563	3	2	
76	552	6	1	1	
76	552	435	2	1	
76	552	548	3	1	
76	552	550	4	3	
76	552	553	3	2	
76	552	618	3	1	
76	552	619	4	3	
76	553	7	1	1	
76	553	496	2	1	
76	553	550	2	2	
76	553	552	3	2	
76	553	560	3	2	
76	554	8	1	1	
76	554	435	2	2	
76	554	437	2	1	
76	554	614	4	2	
76	554	619	3	1	
76	554	622	4	3	
76	554	625	2	1	
76	555	9	1	1	
76	555	556	4	3	
76	555	622	4	2	
76	555	624	2	1	
76	555	625	2	1	
76	556	10	1	1	
76	556	437	4	2	
76	556	496	1	1	
76	556	555	4	2	
76	556	557	3	3	
76	556	560	3	2	
76	556	624	4	3	
76	557	11	1	1	
76	557	490	3	2	
76	557	556	3	2	
76	557	558	2	1	
76	557	559	3	2	
76	557	624	5	2	
76	557	630	2	1	
76	558	12	1	1	
76	558	491	3	2	
76	558	557	2	1	
76	558	560	2	2	
76	558	561	3	2	
76	559	13	1	1	
76	559	491	1	1	
76	559	557	3	3	
76	559	562	3	1	
76	559	566	3	2	
76	559	631	4	2	
76	560	14	1	1	
76	560	495	1	1	
76	560	550	3	2	
76	560	553	3	2	
76	560	556	3	2	
76	560	558	2	2	
76	560	561	3	2	
76	561	15	1	1	
76	561	492	3	2	
76	561	494	1	1	
76	561	558	3	2	
76	561	560	3	2	
76	562	16	1	1	
76	562	492	1	1	
76	562	493	1	1	
76	562	559	3	3	
76	562	563	3	1	
76	562	567	2	2	
76	563	17	1	1	
76	563	494	3	2	
76	563	551	3	2	
76	563	562	3	2	
76	563	564	2	1	
76	564	18	1	1	
76	564	493	2	1	
76	564	563	2	1	
76	564	565	2	1	
76	565	19	1	1	
76	565	564	2	1	
76	565	568	2	1	
76	565	569	4	2	
76	566	20	1	1	
76	566	500	2	2	
76	566	559	3	2	
76	566	567	3	2	
76	566	631	3	2	
76	567	21	1	1	
76	567	499	2	1	
76	567	562	2	1	
76	567	566	3	2	
76	568	22	1	1	
76	568	533	2	1	
76	568	565	2	2	
76	568	574	3	1	
76	569	23	1	1	
76	569	499	2	1	
76	569	532	2	1	
76	569	533	1	1	
76	569	565	4	2	
76	569	570	3	2	
76	569	572	4	2	
76	569	573	4	2	
76	570	24	1	1	
76	570	500	1	1	
76	570	569	3	2	
76	570	571	4	2	
76	570	572	3	2	
76	571	25	1	1	
76	571	501	2	1	
76	571	570	4	2	
76	571	572	4	2	
76	571	631	4	2	
76	571	632	4	2	
76	571	634	4	2	
76	571	637	3	2	
76	572	26	1	1	
76	572	569	4	3	
76	572	570	3	1	
76	572	571	4	3	
76	572	573	3	2	
76	572	576	3	2	
76	572	637	4	3	
76	573	27	1	1	
76	573	528	3	1	
76	573	531	1	1	
76	573	569	4	2	
76	573	572	3	2	
76	573	577	3	3	
76	574	28	1	1	
76	574	531	3	2	
76	574	532	2	2	
76	574	568	3	1	
76	574	575	3	2	
76	575	29	1	1	
76	575	528	2	1	
76	575	530	3	2	
76	575	574	3	3	
76	575	580	4	3	
76	575	581	3	2	
76	576	30	1	1	
76	576	572	3	1	
76	576	577	4	2	
76	576	578	4	3	
76	576	637	4	3	
76	576	643	2	1	
76	577	31	1	1	
76	577	530	1	1	
76	577	545	2	2	
76	577	573	3	1	
76	577	576	4	2	
76	577	578	3	2	
76	578	32	1	1	
76	578	507	6	2	
76	578	524	3	2	
76	578	576	4	2	
76	578	577	3	2	
76	578	579	4	2	
76	578	580	4	2	
76	578	643	3	2	
76	578	645	4	3	
76	579	33	1	1	
76	579	578	4	2	
76	579	580	3	1	
76	579	582	4	2	
76	579	647	3	2	
76	579	656	4	2	
76	580	34	1	1	
76	580	545	2	1	
76	580	575	4	2	
76	580	578	4	2	
76	580	579	3	2	
76	580	581	4	2	
76	580	582	4	3	
76	581	35	1	1	
76	581	575	3	2	
76	581	580	4	3	
76	581	582	4	2	
76	582	36	1	1	
76	582	541	3	2	
76	582	579	4	3	
76	582	580	4	2	
76	582	581	4	3	
76	582	660	5	3	
76	583	37	1	1	
76	583	540	1	1	
76	584	38	1	1	
76	584	394	5	3	
76	584	395	4	2	
76	584	586	5	3	
76	584	588	5	3	
76	584	605	6	2	
76	584	710	5	3	
76	584	712	5	4	
76	584	768	6	3	
76	584	808	7	3	
76	585	39	1	1	
76	585	401	2	1	
76	585	586	4	3	
76	585	587	3	3	
76	585	771	4	2	
76	586	40	1	1	
76	586	584	5	4	
76	586	585	4	2	
76	586	588	3	2	
76	586	772	3	2	
76	587	41	1	1	
76	587	400	2	1	
76	587	585	3	3	
76	587	588	3	2	
76	587	592	3	2	
76	587	604	3	2	
76	588	42	1	1	
76	588	397	3	1	
76	588	584	5	4	
76	588	586	3	2	
76	588	587	3	3	
76	589	43	1	1	
76	589	590	3	1	
76	589	591	3	2	
76	589	594	3	2	
76	589	775	4	3	
76	590	44	1	1	
76	590	401	3	2	
76	590	589	3	2	
76	590	592	4	2	
76	590	776	4	2	
76	591	45	1	1	
76	591	441	2	2	
76	591	589	3	3	
76	591	592	4	3	
76	591	608	3	3	
76	591	613	3	2	
76	592	46	1	1	
76	592	587	3	2	
76	592	590	4	2	
76	592	591	4	2	
76	592	608	3	1	
76	592	609	3	2	
76	593	47	1	1	
76	593	429	2	1	
76	593	431	1	1	
76	593	594	3	2	
76	593	595	3	2	
76	594	48	1	1	
76	594	427	1	1	
76	594	589	3	2	
76	594	593	3	2	
76	594	596	3	2	
76	595	49	1	1	
76	595	432	2	1	
76	595	593	3	2	
76	595	596	3	2	
76	595	612	3	3	
76	595	617	3	2	
76	596	50	1	1	
76	596	441	2	1	
76	596	594	3	1	
76	596	595	3	2	
76	596	612	3	2	
76	596	613	3	2	
76	597	51	1	1	
76	597	431	3	2	
76	597	599	3	2	
76	597	778	5	3	
76	598	52	1	1	
76	598	599	3	2	
76	598	616	3	2	
76	598	620	2	1	
76	599	53	1	1	
76	599	432	2	1	
76	599	597	3	2	
76	599	598	3	2	
76	599	616	3	2	
76	599	617	3	2	
76	600	54	1	1	
76	600	395	1	1	
76	600	601	4	3	
76	600	602	3	1	
76	600	605	3	3	
76	601	55	1	1	
76	601	394	1	1	
76	601	600	4	2	
76	601	603	3	2	
76	601	716	3	2	
76	602	56	1	1	
76	602	600	3	1	
76	602	603	4	2	
76	602	607	3	3	
76	602	671	3	2	
76	603	57	1	1	
76	603	601	3	1	
76	603	602	4	3	
76	603	672	4	2	
76	603	718	3	2	
76	604	58	1	1	
76	604	397	2	1	
76	604	399	2	1	
76	604	587	3	1	
76	604	605	3	2	
76	604	606	3	2	
76	605	59	1	1	
76	605	584	6	3	
76	605	600	3	2	
76	605	604	3	2	
76	605	607	3	2	
76	606	60	1	1	
76	606	403	2	1	
76	606	604	3	1	
76	606	607	3	3	
76	606	675	4	2	
76	607	61	1	1	
76	607	602	3	2	
76	607	605	3	2	
76	607	606	3	2	
76	607	676	4	2	
76	608	62	1	1	
76	608	537	3	2	
76	608	591	3	3	
76	608	592	3	3	
76	608	609	3	2	
76	608	613	3	2	
76	609	63	1	1	
76	609	399	2	1	
76	609	400	3	2	
76	609	592	3	2	
76	609	608	3	2	
76	609	611	3	2	
76	610	64	1	1	
76	610	537	1	1	
76	610	611	3	2	
76	610	615	3	2	
76	610	679	4	3	
76	611	65	1	1	
76	611	403	2	2	
76	611	609	3	2	
76	611	610	3	2	
76	611	680	3	1	
76	612	66	1	1	
76	612	440	3	2	
76	612	595	3	2	
76	612	596	3	1	
76	612	614	3	2	
76	612	617	3	2	
76	613	67	1	1	
76	613	440	1	1	
76	613	591	3	1	
76	613	596	3	3	
76	613	608	3	2	
76	613	615	3	2	
76	614	68	1	1	
76	614	439	3	2	
76	614	554	4	2	
76	614	612	3	1	
76	614	619	4	2	
76	614	622	4	3	
76	615	69	1	1	
76	615	439	1	1	
76	615	536	2	2	
76	615	610	3	3	
76	615	613	3	2	
76	615	622	4	3	
76	616	70	1	1	
76	616	433	3	2	
76	616	598	3	2	
76	616	599	3	2	
76	616	618	2	1	
76	616	620	2	2	
76	617	71	1	1	
76	617	433	1	1	
76	617	595	3	2	
76	617	599	3	2	
76	617	612	3	2	
76	617	619	3	2	
76	618	72	1	1	
76	618	434	4	2	
76	618	548	2	1	
76	618	552	3	2	
76	618	616	2	1	
76	618	621	3	2	
76	619	73	1	1	
76	619	434	1	1	
76	619	552	4	2	
76	619	554	3	2	
76	619	614	4	3	
76	619	617	3	1	
76	620	74	1	1	
76	620	598	2	1	
76	620	616	2	2	
76	620	621	2	1	
76	621	75	1	1	
76	621	547	2	1	
76	621	618	3	1	
76	621	620	2	2	
76	622	76	1	1	
76	622	540	3	2	
76	622	554	4	3	
76	622	555	4	2	
76	622	614	4	3	
76	622	615	4	1	
76	622	623	4	2	
76	622	625	3	2	
76	623	77	1	1	
76	623	622	4	3	
76	623	624	3	2	
76	623	627	4	1	
76	623	681	3	2	
76	624	78	1	1	
76	624	555	2	1	
76	624	556	4	3	
76	624	557	5	2	
76	624	623	3	2	
76	624	626	3	2	
76	625	79	1	1	
76	625	554	2	2	
76	625	555	2	1	
76	625	622	3	2	
76	626	80	1	1	
76	626	485	2	1	
76	626	624	3	2	
76	626	627	4	2	
76	626	630	3	2	
76	627	81	1	1	
76	627	484	2	2	
76	627	486	3	1	
76	627	623	4	2	
76	627	626	4	2	
76	628	82	1	1	
76	628	485	2	1	
76	628	629	3	2	
76	628	631	4	2	
76	628	632	3	3	
76	629	83	1	1	
76	629	479	3	2	
76	629	484	2	1	
76	629	628	3	2	
76	629	633	3	2	
76	630	84	1	1	
76	630	489	2	2	
76	630	557	2	1	
76	630	626	3	1	
76	631	85	1	1	
76	631	489	2	2	
76	631	490	2	1	
76	631	559	4	3	
76	631	566	3	3	
76	631	571	4	4	
76	631	628	4	3	
76	631	636	3	2	
76	632	86	1	1	
76	632	502	2	2	
76	632	571	4	2	
76	632	628	3	2	
76	632	633	3	3	
76	632	636	3	2	
76	633	87	1	1	
76	633	478	2	2	
76	633	503	4	2	
76	633	629	3	2	
76	633	632	3	2	
76	634	88	1	1	
76	634	502	2	1	
76	634	505	2	1	
76	634	571	4	2	
76	634	635	3	3	
76	634	637	3	3	
76	635	89	1	1	
76	635	504	1	1	
76	635	634	3	2	
76	635	640	3	2	
76	635	705	3	1	
76	636	90	1	1	
76	636	501	2	1	
76	636	631	3	2	
76	636	632	3	2	
76	637	91	1	1	
76	637	571	3	2	
76	637	572	4	3	
76	637	576	4	2	
76	637	634	3	2	
76	637	644	3	2	
76	638	92	1	1	
76	638	640	6	3	
76	638	642	5	2	
76	638	707	4	2	
76	638	815	5	3	
76	638	825	4	3	
76	638	826	4	2	
76	639	93	1	1	
76	639	505	2	1	
76	639	506	1	1	
76	639	640	3	2	
76	639	641	4	2	
76	640	94	1	1	
76	640	635	3	3	
76	640	638	6	5	
76	640	639	3	2	
76	640	642	3	2	
76	641	95	1	1	
76	641	639	4	2	
76	641	642	3	2	
76	641	646	3	2	
76	641	648	3	2	
76	642	96	1	1	
76	642	638	5	3	
76	642	640	3	2	
76	642	641	3	2	
76	642	649	4	2	
76	643	97	1	1	
76	643	576	2	1	
76	643	578	3	2	
76	643	644	3	2	
76	644	98	1	1	
76	644	506	3	2	
76	644	637	3	2	
76	644	643	3	2	
76	644	646	3	2	
76	645	99	1	1	
76	645	578	4	2	
76	645	646	4	2	
76	645	647	3	2	
76	645	652	3	2	
76	646	100	1	1	
76	646	507	1	1	
76	646	641	3	2	
76	646	644	3	2	
76	646	645	4	3	
76	646	653	3	2	
76	647	101	1	1	
76	647	524	1	1	
76	647	579	3	2	
76	647	645	3	2	
76	647	657	3	2	
76	648	102	1	1	
76	648	641	3	1	
76	648	649	3	1	
76	648	650	3	2	
76	648	653	3	2	
76	649	103	1	1	
76	649	642	4	2	
76	649	648	3	2	
76	649	651	3	2	
76	649	825	4	3	
76	650	104	1	1	
76	650	453	3	2	
76	650	648	3	2	
76	650	651	4	2	
76	650	655	3	3	
76	651	105	1	1	
76	651	649	3	3	
76	651	650	4	2	
76	651	827	3	3	
76	651	842	3	2	
76	652	106	1	1	
76	652	452	3	2	
76	652	525	2	1	
76	652	645	3	2	
76	652	653	4	2	
76	653	107	1	1	
76	653	646	3	3	
76	653	648	3	3	
76	653	652	4	2	
76	653	655	4	3	
76	654	108	1	1	
76	654	451	3	2	
76	654	452	2	1	
76	654	659	4	2	
76	654	662	4	2	
76	655	109	1	1	
76	655	451	2	1	
76	655	650	3	3	
76	655	653	4	2	
76	655	663	3	3	
76	656	110	1	1	
76	656	579	4	3	
76	656	657	3	1	
76	656	658	4	3	
76	656	660	3	2	
76	657	111	1	1	
76	657	525	3	2	
76	657	647	3	1	
76	657	656	3	2	
76	657	659	4	3	
76	658	112	1	1	
76	658	510	2	1	
76	658	656	4	3	
76	658	659	3	3	
76	658	661	3	2	
76	659	113	1	1	
76	659	509	2	1	
76	659	654	4	2	
76	659	657	4	3	
76	659	658	3	2	
76	660	114	1	1	
76	660	582	5	3	
76	660	656	3	2	
76	660	661	3	3	
76	660	902	4	2	
76	661	115	1	1	
76	661	512	2	1	
76	661	658	3	2	
76	661	660	3	2	
76	661	902	4	3	
76	662	116	1	1	
76	662	449	3	3	
76	662	654	4	2	
76	662	664	3	3	
76	662	667	3	2	
76	663	117	1	1	
76	663	449	1	1	
76	663	655	3	2	
76	663	665	3	3	
76	663	841	4	2	
76	664	118	1	1	
76	664	448	3	1	
76	664	662	3	2	
76	664	669	3	2	
76	664	849	5	3	
76	665	119	1	1	
76	665	448	1	1	
76	665	663	3	2	
76	665	843	3	2	
76	665	849	5	3	
76	666	120	1	1	
76	666	510	3	2	
76	666	521	1	1	
76	666	667	3	2	
76	666	668	3	2	
76	667	121	1	1	
76	667	509	3	2	
76	667	662	3	3	
76	667	666	3	2	
76	667	669	3	2	
76	668	122	1	1	
76	668	519	1	1	
76	668	666	3	1	
76	668	669	3	2	
76	668	850	3	2	
76	669	123	1	1	
76	669	664	3	2	
76	669	667	3	2	
76	669	668	3	2	
76	669	851	3	2	
76	670	124	1	1	
76	670	512	4	3	
76	670	519	4	3	
76	670	521	3	2	
76	670	854	6	3	
76	670	902	7	6	
76	670	905	5	4	
76	671	125	1	1	
76	671	602	3	2	
76	671	672	3	3	
76	671	673	3	2	
76	671	676	3	2	
76	672	126	1	1	
76	672	603	4	2	
76	672	671	3	2	
76	672	674	3	2	
76	672	722	3	2	
76	673	127	1	1	
76	673	671	3	2	
76	673	674	4	2	
76	673	678	3	2	
76	673	683	4	2	
76	674	128	1	1	
76	674	672	3	2	
76	674	673	4	2	
76	674	684	3	3	
76	674	724	3	2	
76	675	129	1	1	
76	675	404	2	2	
76	675	606	4	2	
76	675	676	3	1	
76	675	677	3	2	
76	676	130	1	1	
76	676	607	4	1	
76	676	671	3	2	
76	676	675	3	2	
76	676	678	3	2	
76	677	131	1	1	
76	677	406	1	1	
76	677	675	3	2	
76	677	678	3	2	
76	677	687	4	2	
76	678	132	1	1	
76	678	673	3	1	
76	678	676	3	2	
76	678	677	3	2	
76	678	688	3	3	
76	679	133	1	1	
76	679	610	4	3	
76	679	680	3	1	
76	679	681	4	2	
76	680	134	1	1	
76	680	404	2	2	
76	680	488	3	2	
76	680	611	3	1	
76	680	679	3	1	
76	681	135	1	1	
76	681	487	2	1	
76	681	623	3	1	
76	681	679	4	3	
76	681	691	3	2	
76	682	136	1	1	
76	682	406	3	2	
76	682	487	2	1	
76	682	488	2	1	
76	682	692	3	2	
76	683	137	1	1	
76	683	673	4	2	
76	683	684	3	2	
76	683	685	3	2	
76	683	688	3	2	
76	684	138	1	1	
76	684	674	3	2	
76	684	683	3	2	
76	684	728	3	2	
76	685	139	1	1	
76	685	411	3	2	
76	685	683	3	2	
76	685	686	3	2	
76	685	690	4	2	
76	686	140	1	1	
76	686	685	3	2	
76	686	730	3	3	
76	687	141	1	1	
76	687	407	1	1	
76	687	677	4	3	
76	687	688	3	2	
76	687	689	3	2	
76	688	142	1	1	
76	688	678	3	2	
76	688	683	3	2	
76	688	687	3	1	
76	688	690	3	2	
76	689	143	1	1	
76	689	408	2	1	
76	689	687	3	2	
76	689	690	3	2	
76	689	699	4	2	
76	690	144	1	1	
76	690	410	3	2	
76	690	685	4	2	
76	690	688	3	3	
76	690	689	3	2	
76	691	145	1	1	
76	691	481	3	2	
76	691	486	2	1	
76	691	681	3	2	
76	691	692	3	2	
76	692	146	1	1	
76	692	407	3	2	
76	692	682	3	2	
76	692	691	3	2	
76	692	694	3	3	
76	693	147	1	1	
76	693	479	1	1	
76	693	483	1	1	
76	693	694	3	2	
76	693	703	4	2	
76	694	148	1	1	
76	694	408	3	1	
76	694	539	2	1	
76	694	692	3	2	
76	694	693	3	2	
76	695	149	1	1	
76	695	411	1	1	
76	695	696	3	2	
76	695	697	3	3	
76	695	700	3	2	
76	696	150	1	1	
76	696	695	3	3	
76	696	698	4	2	
76	696	734	3	2	
76	697	151	1	1	
76	697	695	3	2	
76	697	698	3	2	
76	697	702	3	2	
76	697	809	3	2	
76	698	152	1	1	
76	698	696	4	3	
76	698	697	3	2	
76	698	736	3	3	
76	698	810	3	1	
76	699	153	1	1	
76	699	538	1	1	
76	699	689	4	2	
76	699	700	3	1	
76	699	701	3	1	
76	700	154	1	1	
76	700	410	1	1	
76	700	695	3	3	
76	700	699	3	2	
76	700	702	4	3	
76	701	155	1	1	
76	701	474	1	1	
76	701	699	3	2	
76	701	702	3	2	
76	701	813	3	2	
76	702	156	1	1	
76	702	697	3	2	
76	702	700	4	2	
76	702	701	3	2	
76	702	814	3	3	
76	703	157	1	1	
76	703	478	2	1	
76	703	693	4	3	
76	703	704	3	2	
76	703	705	3	2	
76	704	158	1	1	
76	704	538	4	2	
76	704	539	3	2	
76	704	703	3	2	
76	704	706	3	2	
76	705	159	1	1	
76	705	476	3	2	
76	705	635	3	3	
76	705	703	3	1	
76	705	706	3	2	
76	706	160	1	1	
76	706	474	3	2	
76	706	475	3	2	
76	706	704	3	3	
76	706	705	3	1	
76	707	161	1	1	
76	707	473	4	2	
76	707	475	2	1	
76	707	476	2	1	
76	707	638	4	2	
76	708	162	1	1	
76	708	388	2	2	
76	708	709	6	4	
76	708	714	6	5	
76	708	913	17	11	
76	709	163	1	1	
76	709	391	2	1	
76	709	708	6	4	
76	709	711	5	3	
76	709	713	5	2	
76	709	803	7	5	
76	710	164	1	1	
76	710	584	5	2	
76	710	712	3	2	
76	710	806	3	2	
76	711	165	1	1	
76	711	709	5	2	
76	711	713	4	2	
76	711	807	3	1	
76	712	166	1	1	
76	712	393	3	2	
76	712	584	5	3	
76	712	710	3	2	
76	712	713	4	3	
76	713	167	1	1	
76	713	392	2	1	
76	713	709	5	4	
76	713	711	4	2	
76	713	712	4	2	
76	713	716	4	3	
76	714	168	1	1	
76	714	708	6	5	
76	714	715	6	4	
76	714	720	6	5	
76	714	913	12	8	
76	715	169	1	1	
76	715	391	5	2	
76	715	714	6	4	
76	715	717	5	4	
76	715	719	5	2	
76	715	721	6	5	
76	716	170	1	1	
76	716	393	1	1	
76	716	601	3	3	
76	716	713	4	2	
76	716	717	3	2	
76	716	718	3	3	
76	717	171	1	1	
76	717	392	2	2	
76	717	715	5	4	
76	717	716	3	1	
76	717	719	3	2	
76	718	172	1	1	
76	718	603	3	3	
76	718	716	3	1	
76	718	719	3	1	
76	718	722	4	2	
76	719	173	1	1	
76	719	715	5	4	
76	719	717	3	1	
76	719	718	3	2	
76	719	723	3	2	
76	720	174	1	1	
76	720	714	6	4	
76	720	721	6	4	
76	720	726	6	2	
76	720	913	8	6	
76	721	175	1	1	
76	721	715	6	4	
76	721	720	6	2	
76	721	723	5	4	
76	721	725	5	3	
76	721	727	6	2	
76	722	176	1	1	
76	722	672	3	2	
76	722	718	4	3	
76	722	723	3	2	
76	722	724	3	2	
76	723	177	1	1	
76	723	719	3	3	
76	723	721	5	2	
76	723	722	3	2	
76	723	725	4	2	
76	724	178	1	1	
76	724	674	3	2	
76	724	722	3	2	
76	724	725	3	2	
76	724	728	3	1	
76	725	179	1	1	
76	725	721	5	4	
76	725	723	4	1	
76	725	724	3	2	
76	725	729	3	3	
76	726	180	1	1	
76	726	416	3	2	
76	726	720	6	5	
76	726	727	6	3	
76	726	913	8	5	
76	727	181	1	1	
76	727	415	5	3	
76	727	721	6	3	
76	727	726	6	4	
76	727	729	5	4	
76	727	731	5	2	
76	728	182	1	1	
76	728	684	3	2	
76	728	724	3	2	
76	728	729	3	2	
76	728	730	3	2	
76	729	183	1	1	
76	729	725	3	2	
76	729	727	5	2	
76	729	728	3	2	
76	729	731	3	2	
76	730	184	1	1	
76	730	413	4	3	
76	730	686	3	2	
76	730	728	3	2	
76	730	731	3	2	
76	731	185	1	1	
76	731	414	4	3	
76	731	727	5	4	
76	731	729	3	1	
76	731	730	3	2	
76	732	186	1	1	
76	732	416	4	3	
76	732	417	9	4	
76	732	733	6	4	
76	732	864	7	3	
76	733	187	1	1	
76	733	415	2	2	
76	733	732	6	4	
76	733	735	5	2	
76	733	737	5	3	
76	733	865	6	3	
76	734	188	1	1	
76	734	413	1	1	
76	734	696	3	2	
76	734	735	3	2	
76	734	736	3	3	
76	735	189	1	1	
76	735	414	1	1	
76	735	733	5	3	
76	735	734	3	2	
76	735	737	4	3	
76	736	190	1	1	
76	736	698	3	2	
76	736	734	3	2	
76	736	737	3	2	
76	736	866	5	4	
76	737	191	1	1	
76	737	733	5	4	
76	737	735	4	2	
76	737	736	3	2	
76	737	866	5	3	
76	738	192	1	1	
76	738	740	4	2	
76	738	742	4	3	
76	738	746	6	3	
76	738	784	3	3	
76	738	920	6	5	
76	739	193	1	1	
76	739	419	4	2	
76	739	740	4	3	
76	739	741	3	2	
76	739	921	5	3	
76	740	194	1	1	
76	740	738	4	2	
76	740	739	4	2	
76	740	742	3	2	
76	740	920	5	4	
76	741	195	1	1	
76	741	739	3	2	
76	741	742	3	1	
76	741	743	5	3	
76	741	747	4	3	
76	742	196	1	1	
76	742	738	4	2	
76	742	740	3	2	
76	742	741	3	3	
76	742	748	3	2	
76	743	197	1	1	
76	743	419	2	2	
76	743	741	5	3	
76	743	744	6	3	
76	743	745	6	3	
76	743	751	5	4	
76	743	752	5	4	
76	743	921	7	6	
76	743	922	7	3	
76	744	198	1	1	
76	744	743	6	4	
76	744	745	3	3	
76	744	922	6	4	
76	745	199	1	1	
76	745	743	6	4	
76	745	744	3	3	
76	745	755	3	2	
76	746	200	1	1	
76	746	738	6	4	
76	746	748	4	2	
76	746	750	4	2	
76	746	757	6	3	
76	746	792	4	2	
76	747	201	1	1	
76	747	741	4	2	
76	747	748	4	3	
76	747	749	3	3	
76	747	752	3	2	
76	748	202	1	1	
76	748	742	3	2	
76	748	746	4	2	
76	748	747	4	2	
76	748	750	3	2	
76	749	203	1	1	
76	749	747	3	2	
76	749	750	4	2	
76	749	754	3	2	
76	749	758	3	3	
76	750	204	1	1	
76	750	746	4	2	
76	750	748	3	3	
76	750	749	4	3	
76	750	759	3	2	
76	751	205	1	1	
76	751	420	3	2	
76	751	743	5	3	
76	751	753	3	2	
76	751	755	4	2	
76	752	206	1	1	
76	752	420	1	1	
76	752	743	5	2	
76	752	747	3	2	
76	752	754	3	2	
76	753	207	1	1	
76	753	421	2	1	
76	753	751	3	2	
76	753	756	4	2	
76	753	762	3	3	
76	754	208	1	1	
76	754	421	2	1	
76	754	749	3	2	
76	754	752	3	2	
76	754	763	4	3	
76	755	209	1	1	
76	755	745	3	2	
76	755	751	4	2	
76	755	756	3	2	
76	756	210	1	1	
76	756	753	4	2	
76	756	755	3	2	
76	756	766	4	2	
76	757	211	1	1	
76	757	746	6	5	
76	757	759	4	2	
76	757	761	4	2	
76	757	768	6	5	
76	757	800	3	3	
76	758	212	1	1	
76	758	749	3	3	
76	758	759	3	1	
76	758	760	4	3	
76	758	763	3	3	
76	759	213	1	1	
76	759	750	3	3	
76	759	757	4	3	
76	759	758	3	2	
76	759	761	3	2	
76	760	214	1	1	
76	760	758	4	2	
76	760	761	3	2	
76	760	765	3	2	
76	760	769	3	2	
76	761	215	1	1	
76	761	757	4	2	
76	761	759	3	2	
76	761	760	3	3	
76	761	770	3	2	
76	762	216	1	1	
76	762	422	1	1	
76	762	753	3	1	
76	762	763	3	2	
76	762	764	3	2	
76	763	217	1	1	
76	763	754	4	3	
76	763	758	3	2	
76	763	762	3	2	
76	763	765	3	2	
76	764	218	1	1	
76	764	423	1	1	
76	764	762	3	2	
76	764	765	4	2	
76	764	773	4	2	
76	765	219	1	1	
76	765	760	3	2	
76	765	763	3	3	
76	765	764	4	2	
76	765	774	3	2	
76	766	220	1	1	
76	766	422	4	2	
76	766	756	4	2	
76	766	767	4	3	
76	767	221	1	1	
76	767	423	4	2	
76	767	766	4	2	
76	767	777	3	2	
76	768	222	1	1	
76	768	584	6	3	
76	768	757	6	2	
76	768	770	4	3	
76	768	772	4	2	
76	768	808	3	2	
76	769	223	1	1	
76	769	760	3	2	
76	769	770	3	2	
76	769	771	3	2	
76	769	774	4	2	
76	770	224	1	1	
76	770	761	3	2	
76	770	768	4	2	
76	770	769	3	3	
76	770	772	4	2	
76	771	225	1	1	
76	771	585	4	2	
76	771	769	3	2	
76	771	772	3	3	
76	771	776	3	3	
76	772	226	1	1	
76	772	586	3	2	
76	772	768	4	2	
76	772	770	4	2	
76	772	771	3	2	
76	773	227	1	1	
76	773	424	1	1	
76	773	764	4	3	
76	773	774	4	2	
76	773	775	3	2	
76	774	228	1	1	
76	774	765	3	2	
76	774	769	4	2	
76	774	773	4	2	
76	774	776	3	2	
76	775	229	1	1	
76	775	425	2	1	
76	775	589	4	2	
76	775	773	3	1	
76	775	776	3	2	
76	776	230	1	1	
76	776	590	4	2	
76	776	771	3	3	
76	776	774	3	2	
76	776	775	3	2	
76	777	231	1	1	
76	777	424	4	3	
76	777	767	3	2	
76	777	778	4	2	
76	777	779	3	2	
76	778	232	1	1	
76	778	429	3	1	
76	778	597	5	3	
76	778	777	4	2	
76	778	779	3	3	
76	779	233	1	1	
76	779	425	2	2	
76	779	427	3	2	
76	779	777	3	3	
76	779	778	3	2	
76	780	234	1	1	
76	780	781	6	4	
76	780	785	6	4	
76	780	914	12	9	
76	780	916	7	4	
76	781	235	1	1	
76	781	780	6	3	
76	781	782	6	3	
76	781	786	6	4	
76	781	917	7	3	
76	782	236	1	1	
76	782	781	6	5	
76	782	783	6	3	
76	782	787	6	4	
76	782	917	7	6	
76	782	918	7	5	
76	783	237	1	1	
76	783	782	6	4	
76	783	784	4	3	
76	783	788	5	4	
76	783	789	5	4	
76	783	918	7	5	
76	783	919	7	4	
76	784	238	1	1	
76	784	738	3	2	
76	784	783	4	2	
76	784	792	6	3	
76	784	919	6	3	
76	785	239	1	1	
76	785	780	6	3	
76	785	786	6	4	
76	785	793	6	3	
76	785	914	8	3	
76	786	240	1	1	
76	786	781	6	3	
76	786	785	6	4	
76	786	787	6	4	
76	786	794	6	4	
76	787	241	1	1	
76	787	782	6	3	
76	787	786	6	3	
76	787	789	5	4	
76	787	791	5	3	
76	787	795	6	5	
76	788	242	1	1	
76	788	783	5	3	
76	788	789	3	2	
76	788	790	3	2	
76	788	792	3	2	
76	789	243	1	1	
76	789	783	5	3	
76	789	787	5	2	
76	789	788	3	3	
76	789	791	3	2	
76	790	244	1	1	
76	790	788	3	2	
76	790	791	3	2	
76	790	792	3	2	
76	790	796	3	2	
76	791	245	1	1	
76	791	787	5	3	
76	791	789	3	3	
76	791	790	3	2	
76	791	797	4	2	
76	792	246	1	1	
76	792	746	4	2	
76	792	784	6	2	
76	792	788	3	2	
76	792	790	3	2	
76	792	800	6	4	
76	793	247	1	1	
76	793	785	6	4	
76	793	794	6	3	
76	793	801	6	5	
76	793	914	8	4	
76	794	248	1	1	
76	794	786	6	2	
76	794	793	6	4	
76	794	795	6	5	
76	794	802	6	2	
76	795	249	1	1	
76	795	787	6	3	
76	795	794	6	5	
76	795	797	5	4	
76	795	799	5	4	
76	795	803	6	5	
76	796	250	1	1	
76	796	790	3	2	
76	796	797	4	2	
76	796	798	3	3	
76	796	800	3	2	
76	797	251	1	1	
76	797	791	4	1	
76	797	795	5	3	
76	797	796	4	2	
76	797	799	4	1	
76	798	252	1	1	
76	798	796	3	3	
76	798	799	4	3	
76	798	800	3	2	
76	798	804	3	2	
76	799	253	1	1	
76	799	795	5	4	
76	799	797	4	2	
76	799	798	4	2	
76	799	805	3	2	
76	800	254	1	1	
76	800	757	3	2	
76	800	792	6	5	
76	800	796	3	2	
76	800	798	3	2	
76	800	808	6	4	
76	801	255	1	1	
76	801	389	8	5	
76	801	793	6	4	
76	801	802	6	5	
76	801	913	21	8	
76	802	256	1	1	
76	802	388	5	2	
76	802	794	6	5	
76	802	801	6	4	
76	802	803	6	4	
76	803	257	1	1	
76	803	709	7	5	
76	803	795	6	3	
76	803	802	6	4	
76	803	805	5	4	
76	803	807	5	3	
76	804	258	1	1	
76	804	798	3	3	
76	804	805	3	3	
76	804	806	4	3	
76	804	808	3	2	
76	805	259	1	1	
76	805	799	3	3	
76	805	803	5	3	
76	805	804	3	2	
76	805	807	3	2	
76	806	260	1	1	
76	806	710	3	3	
76	806	804	4	3	
76	806	807	3	3	
76	806	808	3	2	
76	807	261	1	1	
76	807	711	3	1	
76	807	803	5	4	
76	807	805	3	2	
76	807	806	3	1	
76	808	262	1	1	
76	808	584	7	3	
76	808	768	3	3	
76	808	800	6	3	
76	808	804	3	3	
76	808	806	3	2	
76	809	263	1	1	
76	809	697	3	3	
76	809	810	3	2	
76	809	811	3	2	
76	809	814	3	2	
76	810	264	1	1	
76	810	698	3	2	
76	810	809	3	2	
76	810	812	3	3	
76	810	866	5	3	
76	811	265	1	1	
76	811	809	3	2	
76	811	812	3	2	
76	811	816	4	3	
76	811	817	3	2	
76	812	266	1	1	
76	812	810	3	3	
76	812	811	3	2	
76	812	818	4	3	
76	812	866	5	3	
76	813	267	1	1	
76	813	472	2	1	
76	813	473	1	1	
76	813	701	3	2	
76	813	814	4	2	
76	814	268	1	1	
76	814	702	3	2	
76	814	809	3	2	
76	814	813	4	3	
76	814	816	3	2	
76	815	269	1	1	
76	815	471	4	3	
76	815	472	2	1	
76	815	638	5	2	
76	815	821	3	2	
76	816	270	1	1	
76	816	471	1	1	
76	816	811	4	2	
76	816	814	3	2	
76	816	822	3	2	
76	817	271	1	1	
76	817	470	1	1	
76	817	811	3	2	
76	817	818	3	1	
76	817	819	3	2	
76	818	272	1	1	
76	818	812	4	3	
76	818	817	3	3	
76	818	820	3	2	
76	818	869	5	2	
76	819	273	1	1	
76	819	469	1	1	
76	819	817	3	3	
76	819	820	3	2	
76	819	829	3	2	
76	820	274	1	1	
76	820	818	3	2	
76	820	819	3	3	
76	820	830	4	2	
76	820	869	5	3	
76	821	275	1	1	
76	821	815	3	3	
76	821	822	3	3	
76	821	823	3	3	
76	821	826	3	2	
76	822	276	1	1	
76	822	470	4	2	
76	822	816	3	2	
76	822	821	3	2	
76	822	824	3	3	
76	823	277	1	1	
76	823	821	3	2	
76	823	824	3	2	
76	823	828	3	2	
76	823	833	3	3	
76	824	278	1	1	
76	824	469	4	2	
76	824	822	3	2	
76	824	823	3	2	
76	824	834	4	2	
76	825	279	1	1	
76	825	638	4	2	
76	825	649	4	2	
76	825	826	3	3	
76	825	827	4	1	
76	826	280	1	1	
76	826	638	4	2	
76	826	821	3	2	
76	826	825	3	2	
76	826	828	4	3	
76	827	281	1	1	
76	827	651	3	3	
76	827	825	4	3	
76	827	828	3	3	
76	827	837	3	2	
76	828	282	1	1	
76	828	823	3	2	
76	828	826	4	2	
76	828	827	3	2	
76	828	838	3	2	
76	829	283	1	1	
76	829	457	4	1	
76	829	468	2	2	
76	829	819	3	2	
76	829	834	3	3	
76	830	284	1	1	
76	830	468	2	2	
76	830	820	4	2	
76	830	832	3	2	
76	830	872	5	3	
76	831	285	1	1	
76	831	457	1	1	
76	831	836	3	1	
76	831	845	5	4	
76	832	286	1	1	
76	832	459	2	1	
76	832	830	3	2	
76	832	872	5	2	
76	833	287	1	1	
76	833	455	3	2	
76	833	823	3	2	
76	833	834	3	2	
76	833	838	4	2	
76	834	288	1	1	
76	834	456	2	2	
76	834	824	4	2	
76	834	829	3	2	
76	834	833	3	2	
76	835	289	1	1	
76	835	455	2	1	
76	835	836	3	3	
76	835	840	3	2	
76	835	846	5	2	
76	836	290	1	1	
76	836	456	2	1	
76	836	831	3	2	
76	836	835	3	3	
76	836	846	5	3	
76	837	291	1	1	
76	837	827	3	2	
76	837	838	3	2	
76	837	839	3	3	
76	837	842	4	2	
76	838	292	1	1	
76	838	454	2	1	
76	838	828	3	2	
76	838	833	4	3	
76	838	837	3	2	
76	839	293	1	1	
76	839	837	3	3	
76	839	840	3	2	
76	839	844	3	1	
76	839	847	5	2	
76	840	294	1	1	
76	840	454	2	1	
76	840	835	3	2	
76	840	839	3	3	
76	840	847	5	3	
76	841	295	1	1	
76	841	453	1	1	
76	841	663	4	2	
76	841	842	3	2	
76	841	843	3	2	
76	842	296	1	1	
76	842	651	3	2	
76	842	837	4	3	
76	842	841	3	3	
76	842	844	3	2	
76	843	297	1	1	
76	843	665	3	2	
76	843	841	3	2	
76	843	844	4	2	
76	843	848	5	4	
76	844	298	1	1	
76	844	839	3	2	
76	844	842	3	2	
76	844	843	4	3	
76	844	848	5	2	
76	845	299	1	1	
76	845	459	4	3	
76	845	467	3	2	
76	845	831	5	4	
76	845	846	6	2	
76	845	875	6	4	
76	846	300	1	1	
76	846	835	5	3	
76	846	836	5	3	
76	846	845	6	2	
76	846	847	7	4	
76	846	856	6	4	
76	847	301	1	1	
76	847	839	5	3	
76	847	840	5	3	
76	847	846	7	5	
76	847	848	6	2	
76	847	857	6	5	
76	848	302	1	1	
76	848	447	4	2	
76	848	843	5	2	
76	848	844	5	3	
76	848	847	6	3	
76	848	858	6	3	
76	849	303	1	1	
76	849	447	3	2	
76	849	664	5	3	
76	849	665	5	2	
76	849	851	5	2	
76	849	853	5	3	
76	849	859	6	5	
76	850	304	1	1	
76	850	668	3	2	
76	850	851	3	3	
76	850	852	3	2	
76	850	854	3	2	
76	851	305	1	1	
76	851	669	3	2	
76	851	849	5	3	
76	851	850	3	2	
76	851	853	3	2	
76	852	306	1	1	
76	852	850	3	3	
76	852	853	3	3	
76	852	854	3	1	
76	852	860	5	2	
76	853	307	1	1	
76	853	849	5	3	
76	853	851	3	2	
76	853	852	3	2	
76	853	860	5	2	
76	854	308	1	1	
76	854	670	6	5	
76	854	850	3	1	
76	854	852	3	3	
76	854	861	6	4	
76	854	905	5	4	
76	854	907	5	3	
76	855	309	1	1	
76	855	466	3	1	
76	855	467	4	3	
76	855	856	6	2	
76	855	878	6	4	
76	856	310	1	1	
76	856	846	6	5	
76	856	855	6	5	
76	856	857	6	3	
76	856	863	6	3	
76	857	311	1	1	
76	857	847	6	4	
76	857	856	6	4	
76	857	858	6	4	
76	857	885	7	4	
76	858	312	1	1	
76	858	446	2	1	
76	858	848	6	3	
76	858	857	6	3	
76	858	886	7	4	
76	859	313	1	1	
76	859	446	5	2	
76	859	849	6	4	
76	859	860	6	5	
76	859	887	7	5	
76	860	314	1	1	
76	860	852	5	2	
76	860	853	5	2	
76	860	859	6	3	
76	860	861	4	3	
76	860	888	7	5	
76	861	315	1	1	
76	861	854	6	4	
76	861	860	4	2	
76	861	888	7	3	
76	861	907	5	3	
76	861	910	7	4	
76	862	316	1	1	
76	862	465	5	2	
76	862	466	4	4	
76	862	863	6	3	
76	862	889	7	3	
76	863	317	1	1	
76	863	856	6	5	
76	863	862	6	4	
76	863	885	6	4	
76	863	890	7	3	
76	864	318	1	1	
76	864	732	7	4	
76	864	865	6	3	
76	864	867	7	2	
76	864	913	17	10	
76	865	319	1	1	
76	865	733	6	3	
76	865	864	6	2	
76	865	866	6	4	
76	865	868	7	4	
76	866	320	1	1	
76	866	736	5	2	
76	866	737	5	4	
76	866	810	5	2	
76	866	812	5	2	
76	866	865	6	3	
76	866	868	9	7	
76	866	869	7	2	
76	867	321	1	1	
76	867	864	7	2	
76	867	868	6	2	
76	867	870	6	2	
76	868	322	1	1	
76	868	865	7	4	
76	868	866	9	7	
76	868	867	6	3	
76	868	869	6	4	
76	868	871	7	5	
76	869	323	1	1	
76	869	818	5	3	
76	869	820	5	4	
76	869	866	7	3	
76	869	868	6	4	
76	869	872	6	4	
76	870	324	1	1	
76	870	867	6	4	
76	870	871	6	3	
76	871	325	1	1	
76	871	868	7	3	
76	871	870	6	3	
76	871	872	6	4	
76	871	874	6	5	
76	872	326	1	1	
76	872	460	5	4	
76	872	830	5	3	
76	872	832	5	2	
76	872	869	6	5	
76	872	871	6	3	
76	873	327	1	1	
76	873	462	4	2	
76	873	874	6	5	
76	874	328	1	1	
76	874	461	3	1	
76	874	871	6	3	
76	874	873	6	2	
76	874	875	6	5	
76	875	329	1	1	
76	875	460	2	1	
76	875	845	6	3	
76	875	874	6	4	
76	875	878	6	3	
76	876	330	1	1	
76	876	462	3	2	
76	876	877	6	3	
76	876	879	7	3	
76	877	331	1	1	
76	877	461	4	2	
76	877	876	6	4	
76	877	878	6	5	
76	877	880	6	4	
76	878	332	1	1	
76	878	855	6	5	
76	878	875	6	4	
76	878	877	6	3	
76	878	881	7	3	
76	879	333	1	1	
76	879	876	7	3	
76	879	880	6	4	
76	879	882	6	4	
76	880	334	1	1	
76	880	877	6	3	
76	880	879	6	4	
76	880	881	6	4	
76	880	883	6	4	
76	881	335	1	1	
76	881	465	2	1	
76	881	878	7	5	
76	881	880	6	5	
76	881	884	7	4	
76	882	336	1	1	
76	882	879	6	3	
76	882	883	6	5	
76	883	337	1	1	
76	883	464	3	2	
76	883	880	6	5	
76	883	882	6	2	
76	884	338	1	1	
76	884	464	4	2	
76	884	881	7	5	
76	884	889	6	5	
76	885	339	1	1	
76	885	445	5	3	
76	885	857	7	4	
76	885	863	6	5	
76	885	892	7	4	
76	886	340	1	1	
76	886	445	2	2	
76	886	858	7	5	
76	886	887	6	3	
76	886	892	6	3	
76	887	341	1	1	
76	887	859	7	4	
76	887	886	6	4	
76	887	888	7	5	
76	887	893	6	5	
76	888	342	1	1	
76	888	860	7	5	
76	888	861	7	3	
76	888	887	7	3	
76	888	894	6	3	
76	888	910	7	3	
76	889	343	1	1	
76	889	862	7	4	
76	889	884	6	3	
76	889	895	8	5	
76	890	344	1	1	
76	890	863	7	5	
76	890	891	7	3	
76	890	896	7	6	
76	891	345	1	1	
76	891	890	7	4	
76	891	896	8	6	
76	891	897	5	2	
76	891	899	7	3	
76	892	346	1	1	
76	892	885	7	3	
76	892	886	6	5	
76	892	897	5	3	
76	893	347	1	1	
76	893	887	6	3	
76	893	894	7	4	
76	893	898	7	3	
76	893	901	10	8	
76	894	348	1	1	
76	894	888	6	4	
76	894	893	7	3	
76	894	910	9	7	
76	895	349	1	1	
76	895	889	8	4	
76	895	896	7	2	
76	896	350	1	1	
76	896	890	7	5	
76	896	891	8	5	
76	896	895	7	4	
76	896	899	8	3	
76	897	351	1	1	
76	897	443	2	1	
76	897	891	5	4	
76	897	892	5	4	
76	897	899	6	4	
76	898	352	1	1	
76	898	442	7	2	
76	898	443	4	3	
76	898	893	7	3	
76	898	900	5	4	
76	899	353	1	1	
76	899	442	2	2	
76	899	891	7	3	
76	899	896	8	3	
76	899	897	6	3	
76	900	354	1	1	
76	900	898	5	4	
76	900	901	7	3	
76	901	355	1	1	
76	901	893	10	6	
76	901	900	7	3	
76	902	356	1	1	
76	902	513	4	2	
76	902	541	4	2	
76	902	542	3	2	
76	902	660	4	2	
76	902	661	4	2	
76	902	670	7	6	
76	903	357	1	1	
76	903	514	3	2	
76	903	516	8	6	
76	903	542	5	3	
76	903	543	1	1	
76	903	544	4	2	
76	904	358	1	1	
76	904	544	3	1	
76	904	906	6	5	
76	905	359	1	1	
76	905	513	6	5	
76	905	514	7	3	
76	905	670	5	3	
76	905	854	5	3	
76	905	906	8	5	
76	905	907	6	3	
76	906	360	1	1	
76	906	516	2	1	
76	906	904	6	3	
76	906	905	8	4	
76	906	908	7	5	
76	906	909	7	3	
76	906	931	23	15	
76	907	361	1	1	
76	907	854	5	3	
76	907	861	5	3	
76	907	905	6	4	
76	907	908	6	3	
76	907	910	9	4	
76	908	362	1	1	
76	908	517	2	2	
76	908	906	7	4	
76	908	907	6	5	
76	908	911	9	6	
76	908	912	9	5	
76	909	363	1	1	
76	909	517	5	3	
76	909	906	7	4	
76	909	912	7	5	
76	910	364	1	1	
76	910	861	7	4	
76	910	888	7	4	
76	910	894	9	6	
76	910	907	9	4	
76	910	911	5	4	
76	911	365	1	1	
76	911	518	4	3	
76	911	908	9	4	
76	911	910	5	4	
76	912	366	1	1	
76	912	518	3	2	
76	912	908	9	6	
76	912	909	7	4	
76	913	367	1	1	
76	913	417	4	2	
76	913	708	17	12	
76	913	714	12	7	
76	913	720	8	6	
76	913	726	8	3	
76	913	801	21	8	
76	913	864	17	14	
76	914	368	1	1	
76	914	389	4	2	
76	914	780	12	9	
76	914	785	8	5	
76	914	793	8	4	
76	914	915	16	8	
76	915	369	1	1	
76	915	914	16	9	
76	915	916	6	5	
76	916	370	1	1	
76	916	780	7	3	
76	916	915	6	4	
76	916	917	6	4	
76	917	371	1	1	
76	917	781	7	4	
76	917	782	7	4	
76	917	916	6	2	
76	917	918	7	4	
76	918	372	1	1	
76	918	782	7	4	
76	918	783	7	3	
76	918	917	7	3	
76	918	919	6	3	
76	919	373	1	1	
76	919	783	7	4	
76	919	784	6	3	
76	919	918	6	3	
76	919	920	6	3	
76	919	924	9	6	
76	920	374	1	1	
76	920	738	6	2	
76	920	740	5	4	
76	920	919	6	3	
76	920	921	6	2	
76	921	375	1	1	
76	921	418	3	2	
76	921	739	5	2	
76	921	743	7	3	
76	921	920	6	2	
76	922	376	1	1	
76	922	418	5	3	
76	922	743	7	4	
76	922	744	6	4	
76	923	377	1	1	
76	923	418	11	5	
76	924	378	1	1	
76	924	919	9	6	
76	925	379	1	1	
76	925	390	8	6	
76	926	380	1	1	
76	926	417	7	4	
76	927	381	1	1	
76	927	462	8	3	
76	928	382	1	1	
76	928	463	17	13	
76	929	383	1	1	
76	929	442	33	26	
76	930	384	1	1	
76	930	518	39	12	
76	931	385	1	1	
76	931	906	23	14	
76	932	386	1	1	
76	932	515	11	4	
76	933	387	1	1	
76	933	534	7	4	